7.5	22.79802623	0
7.539786268	22.78489903	0
7.579564857	22.77169743	0
7.619335627	22.75842149	0
7.659098441	22.74507131	0
7.698853161	22.73164694	0
7.73859965	22.71814848	0
7.77833777	22.70457599	0
7.818067385	22.69092956	0
7.857788359	22.67720926	0
7.897500555	22.66341517	0
7.937203838	22.64954738	0
7.976898071	22.63560596	0
8.016583121	22.62159099	0
8.056258851	22.60750256	0
8.095925128	22.59334074	0
8.135581817	22.57910561	0
8.175228785	22.56479726	0
8.214865897	22.55041577	0
8.254493021	22.53596122	0
8.294110024	22.5214337	0
8.333716773	22.50683328	0
8.373313137	22.49216005	0
8.412898982	22.4774141	0
8.452474178	22.46259551	0
8.492038593	22.44770436	0
8.531592097	22.43274075	0
8.571134559	22.41770475	0
8.610665848	22.40259644	0
8.650185835	22.38741593	0
8.68969439	22.37216329	0
8.729191385	22.35683861	0
8.768676689	22.34144198	0
8.808150175	22.32597349	0
8.847611715	22.31043322	0
8.88706118	22.29482126	0
8.926498443	22.2791377	0
8.965923377	22.26338263	0
9.005335855	22.24755615	0
9.04473575	22.23165833	0
9.084122937	22.21568926	0
9.12349729	22.19964905	0
9.162858682	22.18353778	0
9.20220699	22.16735554	0
9.241542087	22.15110242	0
9.280863851	22.13477851	0
9.320172156	22.11838391	0
9.359466879	22.10191871	0
9.398747896	22.085383	0
9.438015085	22.06877687	0
9.477268323	22.05210042	0
9.516507486	22.03535373	0
9.555732455	22.01853691	0
9.594943105	22.00165005	0
9.634139317	21.98469324	0
9.67332097	21.96766657	0
9.712487941	21.95057014	0
9.751640113	21.93340405	0
9.790777363	21.91616839	0
9.829899573	21.89886326	0
9.869006624	21.88148874	0
9.908098396	21.86404495	0
9.947174771	21.84653197	0
9.98623563	21.8289499	0
10.02528086	21.81129884	0
10.06431033	21.79357889	0
10.10332394	21.77579013	0
10.14232156	21.75793268	0
10.18130308	21.74000663	0
10.22026839	21.72201207	0
10.25921735	21.70394911	0
10.29814988	21.68581783	0
10.33706583	21.66761835	0
10.37596511	21.64935076	0
10.41484759	21.63101516	0
10.45371317	21.61261165	0
10.49256172	21.59414033	0
10.53139314	21.57560129	0
10.57020731	21.55699465	0
10.60900412	21.53832049	0
10.64778346	21.51957892	0
10.68654521	21.50077004	0
10.72528926	21.48189395	0
10.7640155	21.46295075	0
10.80272383	21.44394055	0
10.84141412	21.42486344	0
10.88008627	21.40571952	0
10.91874017	21.3865089	0
10.9573757	21.36723168	0
10.99599277	21.34788796	0
11.03459125	21.32847784	0
11.07317105	21.30900143	0
11.11173205	21.28945883	0
11.15027414	21.26985013	0
11.18879722	21.25017545	0
11.22730118	21.23043489	0
11.26578591	21.21062855	0
11.3042513	21.19075652	0
11.34269725	21.17081893	0
11.38112365	21.15081586	0
11.4195304	21.13074743	0
11.45791739	21.11061374	0
11.49628451	21.09041489	0
11.53463166	21.07015098	0
11.57295873	21.04982212	0
11.61126563	21.02942842	0
11.64955224	21.00896997	0
11.68781846	20.98844689	0
11.72606419	20.96785928	0
11.76428933	20.94720724	0
11.80249377	20.92649087	0
11.84067741	20.90571029	0
11.87884015	20.88486559	0
11.91698188	20.86395689	0
11.95510251	20.84298429	0
11.99320192	20.82194788	0
12.03128003	20.80084779	0
12.06933673	20.77968411	0
12.10737192	20.75845695	0
12.1453855	20.73716642	0
12.18337737	20.71581262	0
12.22134743	20.69439565	0
12.25929557	20.67291563	0
12.29722171	20.65137266	0
12.33512575	20.62976684	0
12.37300757	20.60809829	0
12.41086709	20.5863671	0
12.44870421	20.56457338	0
12.48651883	20.54271724	0
12.52431085	20.52079879	0
12.56208017	20.49881814	0
12.59982671	20.47677538	0
12.63755035	20.45467063	0
12.67525101	20.43250399	0
12.71292859	20.41027556	0
12.75058299	20.38798546	0
12.78821411	20.3656338	0
12.82582187	20.34322067	0
12.86340617	20.32074619	0
12.90096691	20.29821046	0
12.93850399	20.27561358	0
12.97601733	20.25295567	0
13.01350682	20.23023684	0
13.05097238	20.20745718	0
13.08841391	20.1846168	0
13.12583132	20.16171582	0
13.16322451	20.13875434	0
13.2005934	20.11573246	0
13.23793788	20.09265029	0
13.27525787	20.06950794	0
13.31255328	20.04630552	0
13.349824	20.02304313	0
13.38706996	19.99972088	0
13.42429105	19.97633887	0
13.46148719	19.95289722	0
13.49865829	19.92939602	0
13.53580425	19.90583539	0
13.57292499	19.88221544	0
13.61002041	19.85853626	0
13.64709043	19.83479796	0
13.68413495	19.81100066	0
13.72115388	19.78714445	0
13.75814714	19.76322945	0
13.79511463	19.73925576	0
13.83205626	19.71522349	0
13.86897196	19.69113274	0
13.90586162	19.66698362	0
13.94272516	19.64277624	0
13.97956249	19.6185107	0
14.01637352	19.5941871	0
14.05315817	19.56980556	0
14.08991634	19.54536618	0
14.12664796	19.52086907	0
14.16335292	19.49631433	0
14.20003114	19.47170206	0
14.23668255	19.44703238	0
14.27330704	19.42230539	0
14.30990453	19.39752119	0
14.34647494	19.3726799	0
14.38301818	19.3477816	0
14.41953416	19.32282642	0
14.4560228	19.29781446	0
14.49248401	19.27274581	0
14.5289177	19.24762059	0
14.56532379	19.22243891	0
14.60170219	19.19720085	0
14.63805283	19.17190654	0
14.6743756	19.14655608	0
14.71067043	19.12114956	0
14.74693724	19.0956871	0
14.78317593	19.0701688	0
14.81938643	19.04459476	0
14.85556864	19.01896508	0
14.89172248	18.99327988	0
14.92784788	18.96753926	0
14.96394474	18.94174331	0
15.00001298	18.91589214	0
15.03605252	18.88998587	0
15.07206327	18.86402458	0
15.10804515	18.83800838	0
15.14399808	18.81193738	0
15.17992197	18.78581168	0
15.21581674	18.75963139	0
15.2516823	18.7333966	0
15.28751858	18.70710741	0
15.32332548	18.68076394	0
15.35910293	18.65436628	0
15.39485085	18.62791453	0
15.43056915	18.60140881	0
15.46625774	18.5748492	0
15.50191655	18.54823581	0
15.53754549	18.52156875	0
15.57314448	18.49484811	0
15.60871344	18.468074	0
15.64425229	18.44124651	0
15.67976094	18.41436576	0
15.71523931	18.38743183	0
15.75068732	18.36044484	0
15.78610489	18.33340487	0
15.82149193	18.30631204	0
15.85684837	18.27916644	0
15.89217412	18.25196817	0
15.9274691	18.22471733	0
15.96273323	18.19741402	0
15.99796643	18.17005835	0
16.03316861	18.14265041	0
16.06833969	18.1151903	0
16.1034796	18.08767812	0
16.13858825	18.06011396	0
16.17366556	18.03249794	0
16.20871145	18.00483014	0
16.24372583	17.97711066	0
16.27870864	17.94933961	0
16.31365977	17.92151708	0
16.34857916	17.89364317	0
16.38346673	17.86571798	0
16.41832238	17.8377416	0
16.45314605	17.80971413	0
16.48793764	17.78163567	0
16.52269709	17.75350632	0
16.5574243	17.72532617	0
16.5921192	17.69709532	0
16.6267817	17.66881386	0
16.66141173	17.6404819	0
16.69600921	17.61209952	0
16.73057404	17.58366683	0
16.76510616	17.55518392	0
16.79960548	17.52665088	0
16.83407192	17.49806782	0
16.8685054	17.46943481	0
16.90290584	17.44075197	0
16.93727315	17.41201939	0
16.97160726	17.38323715	0
17.00590809	17.35440535	0
17.04017556	17.32552409	0
17.07440957	17.29659347	0
17.10861006	17.26761356	0
17.14277694	17.23858448	0
17.17691014	17.2095063	0
17.21100956	17.18037913	0
17.24507513	17.15120306	0
17.27910677	17.12197817	0
17.3131044	17.09270457	0
17.34706793	17.06338234	0
17.38099729	17.03401157	0
17.41489239	17.00459237	0
17.44875315	16.9751248	0
17.48257949	16.94560898	0
17.51637133	16.91604499	0
17.5501286	16.88643292	0
17.58385119	16.85677286	0
17.61753905	16.8270649	0
17.65119207	16.79730914	0
17.68481019	16.76750565	0
17.71839333	16.73765454	0
17.75194139	16.70775589	0
17.7854543	16.67780978	0
17.81893197	16.64781631	0
17.85237433	16.61777558	0
17.88578129	16.58768765	0
17.91915277	16.55755263	0
17.95248869	16.5273706	0
17.98578897	16.49714165	0
18.01905352	16.46686587	0
18.05228226	16.43654334	0
18.08547511	16.40617415	0
18.11863199	16.37575838	0
18.15175282	16.34529613	0
18.1848375	16.31478748	0
18.21788597	16.28423252	0
18.25089814	16.25363133	0
18.28387392	16.222984	0
18.31681323	16.19229061	0
18.34971599	16.16155124	0
18.38258212	16.13076599	0
18.41541153	16.09993494	0
18.44820414	16.06905817	0
18.48095987	16.03813576	0
18.51367863	16.0071678	0
18.54636034	15.97615438	0
18.57900492	15.94509557	0
18.61161228	15.91399146	0
18.64418234	15.88284213	0
18.67671502	15.85164767	0
18.70921022	15.82040815	0
18.74166788	15.78912367	0
18.77408789	15.75779429	0
18.80647019	15.72642011	0
18.83881468	15.6950012	0
18.87112128	15.66353764	0
18.90338991	15.63202952	0
18.93562048	15.60047692	0
18.9678129	15.56887991	0
18.9999671	15.53723858	0
19.03208298	15.50555301	0
19.06416047	15.47382327	0
19.09619947	15.44204945	0
19.1281999	15.41023162	0
19.16016167	15.37836986	0
19.19208471	15.34646426	0
19.22396892	15.31451489	0
19.25581421	15.28252182	0
19.28762051	15.25048514	0
19.31938773	15.21840493	0
19.35111577	15.18628125	0
19.38280456	15.1541142	0
19.414454	15.12190384	0
19.44606401	15.08965025	0
19.47763451	15.05735351	0
19.5091654	15.02501369	0
19.54065661	14.99263087	0
19.57210803	14.96020512	0
19.60351959	14.92773653	0
19.6348912	14.89522516	0
19.66622276	14.86267109	0
19.6975142	14.8300744	0
19.72876542	14.79743515	0
19.75997634	14.76475343	0
19.79114687	14.73202931	0
19.82227691	14.69926285	0
19.85336639	14.66645414	0
19.88441521	14.63360325	0
19.91542328	14.60071024	0
19.94639051	14.5677752	0
19.97731683	14.53479819	0
20.00820212	14.50177929	0
20.03904632	14.46871856	0
20.06984932	14.43561609	0
20.10061105	14.40247193	0
20.13133139	14.36928617	0
20.16201028	14.33605887	0
20.19264762	14.30279011	0
20.22324331	14.26947995	0
20.25379727	14.23612846	0
20.2843094	14.20273571	0
20.31477963	14.16930178	0
20.34520784	14.13582673	0
20.37559396	14.10231064	0
20.4059379	14.06875356	0
20.43623955	14.03515557	0
20.46649883	14.00151674	0
20.49671565	13.96783714	0
20.52688992	13.93411683	0
20.55702154	13.90035588	0
20.58711042	13.86655436	0
20.61715647	13.83271233	0
20.6471596	13.79882987	0
20.67711971	13.76490704	0
20.70703671	13.7309439	0
20.73691051	13.69694053	0
20.76674102	13.66289698	0
20.79652813	13.62881333	0
20.82627176	13.59468964	0
20.85597182	13.56052597	0
20.88562821	13.52632239	0
20.91524083	13.49207897	0
20.94480959	13.45779576	0
20.9743344	13.42347284	0
21.00381516	13.38911027	0
21.03325178	13.35470811	0
21.06264417	13.32026643	0
21.09199222	13.28578528	0
21.12129584	13.25126474	0
21.15055494	13.21670486	0
21.17976942	13.18210571	0
21.20893918	13.14746735	0
21.23806414	13.11278985	0
21.26714419	13.07807326	0
21.29617923	13.04331765	0
21.32516918	13.00852308	0
21.35411392	12.9736896	0
21.38301338	12.93881729	0
21.41186744	12.90390621	0
21.44067602	12.86895641	0
21.46943901	12.83396795	0
21.49815632	12.7989409	0
21.52682785	12.76387531	0
21.5554535	12.72877125	0
21.58403317	12.69362878	0
21.61256677	12.65844795	0
21.64105419	12.62322882	0
21.66949535	12.58797146	0
21.69789013	12.55267592	0
21.72623844	12.51734227	0
21.75454018	12.48197055	0
21.78279526	12.44656084	0
21.81100356	12.41111318	0
21.839165	12.37562764	0
21.86727947	12.34010427	0
21.89534687	12.30454313	0
21.92336711	12.26894428	0
21.95134007	12.23330778	0
21.97926567	12.19763368	0
22.0071438	12.16192204	0
22.03497435	12.12617292	0
22.06275724	12.09038637	0
22.09049235	12.05456246	0
22.11817958	12.01870123	0
22.14581884	11.98280274	0
22.17341002	11.94686705	0
22.20095302	11.91089421	0
22.22844774	11.87488429	0
22.25589407	11.83883733	0
22.28329192	11.80275339	0
22.31064117	11.76663253	0
22.33794173	11.73047479	0
22.36519349	11.69428025	0
22.39239635	11.65804894	0
22.41955021	11.62178093	0
22.44665497	11.58547626	0
22.47371051	11.549135	0
22.50071673	11.5127572	0
22.52767354	11.4763429	0
22.55458082	11.43989218	0
22.58143848	11.40340507	0
22.6082464	11.36688163	0
22.63500449	11.33032191	0
22.66171263	11.29372598	0
22.68837072	11.25709387	0
22.71497866	11.22042565	0
22.74153635	11.18372137	0
22.76804366	11.14698107	0
22.79450051	11.11020482	0
22.82090678	11.07339266	0
22.84726237	11.03654465	0
22.87356717	10.99966083	0
22.89982107	10.96274127	0
22.92602397	10.925786	0
22.95217576	10.8887951	0
22.97827633	10.85176859	0
23.00432558	10.81470654	0
23.03032339	10.77760901	0
23.05626967	10.74047603	0
23.0821643	10.70330766	0
23.10800717	10.66610395	0
23.13379819	10.62886495	0
23.15953723	10.59159072	0
23.18522419	10.55428131	0
23.21085896	10.51693675	0
23.23644143	10.47955712	0
23.2619715	10.44214245	0
23.28744905	10.40469279	0
23.31287398	10.3672082	0
23.33824618	10.32968873	0
23.36356552	10.29213443	0
23.38883192	10.25454534	0
23.41404525	10.21692152	0
23.43920541	10.17926301	0
23.46431229	10.14156987	0
23.48936577	10.10384215	0
23.51436574	10.06607989	0
23.5393121	10.02828315	0
23.56420474	9.990451975	0
23.58904353	9.952586413	0
23.61382838	9.914686514	0
23.63855916	9.876752328	0
23.66323578	9.838783905	0
23.68785811	9.800781292	0
23.71242605	9.762744541	0
23.73693948	9.724673699	0
23.76139829	9.686568815	0
23.78580236	9.64842994	0
23.8101516	9.610257121	0
23.83444588	9.572050408	0
23.85868508	9.533809849	0
23.88286911	9.495535494	0
23.90699784	9.457227391	0
23.93107116	9.418885588	0
23.95508896	9.380510136	0
23.97905113	9.342101082	0
24.00295754	9.303658475	0
24.0268081	9.265182365	0
24.05060268	9.226672798	0
24.07434116	9.188129825	0
24.09802344	9.149553494	0
24.12164941	9.110943853	0
24.14521894	9.072300951	0
24.16873192	9.033624837	0
24.19218824	8.994915559	0
24.21558778	8.956173166	0
24.23893043	8.917397706	0
24.26221607	8.878589229	0
24.28544458	8.839747782	0
24.30861586	8.800873414	0
24.33172979	8.761966174	0
24.35478624	8.723026111	0
24.37778511	8.684053273	0
24.40072628	8.645047709	0
24.42360963	8.606009468	0
24.44643505	8.566938597	0
24.46920242	8.527835147	0
24.49191162	8.488699165	0
24.51456253	8.449530702	0
24.53715505	8.410329804	0
24.55968905	8.371096522	0
24.58216442	8.331830904	0
24.60458104	8.292532999	0
24.62693879	8.253202856	0
24.64923755	8.213840524	0
24.67147722	8.174446052	0
24.69365766	8.13501949	0
24.71577877	8.095560886	0
24.73784042	8.05607029	0
24.75984249	8.016547751	0
24.78178488	7.976993319	0
24.80366746	7.937407042	0
24.82549011	7.897788971	0
24.84725271	7.858139154	0
24.86895515	7.818457642	0
24.89059731	7.778744484	0
24.91217907	7.73899973	0
24.9337003	7.699223429	0
24.9551609	7.659415633	0
24.97656074	7.61957639	0
24.99789971	7.579705751	0
25.01917768	7.539803766	0
25.04039453	7.499870485	0
25.06155015	7.459905959	0
25.08264441	7.419910238	0
25.10367721	7.379883372	0
25.1246484	7.339825413	0
25.14555789	7.299736411	0
25.16640555	7.259616417	0
25.18719125	7.219465482	0
25.20791488	7.179283657	0
25.22857632	7.139070993	0
25.24917544	7.098827542	0
25.26971214	7.058553354	0
25.29018628	7.018248483	0
25.31059774	6.977912978	0
25.33094642	6.937546893	0
25.35123217	6.897150278	0
25.3714549	6.856723187	0
25.39161447	6.81626567	0
25.41171076	6.775777782	0
25.43174366	6.735259573	0
25.45171303	6.694711097	0
25.47161877	6.654132407	0
25.49146075	6.613523554	0
25.51123884	6.572884593	0
25.53095294	6.532215577	0
25.55060291	6.491516559	0
25.57018863	6.450787591	0
25.58970999	6.410028729	0
25.60916686	6.369240026	0
25.62855912	6.328421536	0
25.64788665	6.287573313	0
25.66714933	6.246695411	0
25.68634703	6.205787885	0
25.70547964	6.164850789	0
25.72454703	6.123884179	0
25.74354908	6.082888109	0
25.76248567	6.041862634	0
25.78135667	6.000807811	0
25.80016197	5.959723693	0
25.81890144	5.918610338	0
25.83757496	5.877467801	0
25.85618241	5.836296138	0
25.87472367	5.795095406	0
25.8931986	5.753865661	0
25.91160711	5.712606959	0
25.92994904	5.671319358	0
25.9482243	5.630002915	0
25.96643275	5.588657686	0
25.98457428	5.547283731	0
26.00264875	5.505881105	0
26.02065605	5.464449868	0
26.03859606	5.422990077	0
26.05646864	5.38150179	0
26.07427369	5.339985067	0
26.09201108	5.298439966	0
26.10968068	5.256866546	0
26.12728237	5.215264866	0
26.14481603	5.173634986	0
26.16228154	5.131976966	0
26.17967877	5.090290865	0
26.1970076	5.048576744	0
26.21426791	5.006834663	0
26.23145958	4.965064682	0
26.24858248	4.923266863	0
26.2656365	4.881441266	0
26.2826215	4.839587953	0
26.29953737	4.797706987	0
26.31638397	4.755798427	0
26.3331612	4.713862337	0
26.34986893	4.671898779	0
26.36650703	4.629907815	0
26.38307539	4.587889509	0
26.39957387	4.545843924	0
26.41600236	4.503771122	0
26.43236073	4.461671168	0
26.44864886	4.419544125	0
26.46486664	4.377390058	0
26.48101392	4.335209031	0
26.4970906	4.293001109	0
26.51309656	4.250766357	0
26.52903166	4.20850484	0
26.54489578	4.166216623	0
26.56068881	4.123901773	0
26.57641062	4.081560355	0
26.59206109	4.039192436	0
26.60764009	3.996798083	0
26.62314751	3.954377362	0
26.63858321	3.911930341	0
26.65394709	3.869457088	0
26.66923901	3.826957669	0
26.68445885	3.784432154	0
26.6996065	3.74188061	0
26.71468183	3.699303106	0
26.72968471	3.656699712	0
26.74461502	3.614070496	0
26.75947266	3.571415529	0
26.77425748	3.528734879	0
26.78896937	3.486028618	0
26.8036082	3.443296816	0
26.81817387	3.400539543	0
26.83266623	3.357756871	0
26.84708518	3.314948872	0
26.86143058	3.272115616	0
26.87570233	3.229257176	0
26.88990029	3.186373625	0
26.90402435	3.143465035	0
26.91807438	3.100531479	0
26.93205026	3.05757303	0
26.94595187	3.014589763	0
26.9597791	2.971581751	0
26.97353181	2.928549069	0
26.98720989	2.885491791	0
27.00081321	2.842409992	0
27.01434166	2.799303747	0
27.02779512	2.756173133	0
27.04117346	2.713018225	0
27.05447656	2.669839099	0
27.06770431	2.626635832	0
27.08085657	2.583408502	0
27.09393324	2.540157185	0
27.10693419	2.496881959	0
27.1198593	2.453582902	0
27.13270846	2.410260093	0
27.14548153	2.36691361	0
27.15817841	2.323543532	0
27.17079896	2.28014994	0
27.18334308	2.236732911	0
27.19581064	2.193292527	0
27.20820152	2.149828868	0
27.22051561	2.106342015	0
27.23275278	2.062832049	0
27.24491291	2.019299052	0
27.25699589	1.975743105	0
27.2690016	1.93216429	0
27.28092991	1.888562691	0
27.29278071	1.844938391	0
27.30455389	1.801291471	0
27.31624931	1.757622017	0
27.32786687	1.713930113	0
27.33940645	1.670215842	0
27.35086792	1.62647929	0
27.36225117	1.582720541	0
27.37355608	1.538939682	0
27.38478254	1.495136798	0
27.39593043	1.451311975	0
27.40699962	1.4074653	0
27.41799001	1.363596861	0
27.42890147	1.319706743	0
27.43973389	1.275795036	0
27.45048715	1.231861828	0
27.46116114	1.187907206	0
27.47175573	1.143931261	0
27.48227082	1.09993408	0
27.49270629	1.055915754	0
27.50306201	1.011876373	0
27.51333788	0.967816027	0
27.52353377	0.923734807	0
27.53364958	0.879632805	0
27.54368519	0.835510111	0
27.55364048	0.791366818	0
27.56351533	0.747203018	0
27.57330964	0.703018805	0
27.58302329	0.65881427	0
27.59265616	0.614589508	0
27.60220814	0.570344612	0
27.61167912	0.526079678	0
27.62106898	0.481794798	0
27.6303776	0.43749007	0
27.63960488	0.393165587	0
27.64875071	0.348821446	0
27.65781495	0.304457744	0
27.66679752	0.260074577	0
27.67569829	0.215672041	0
27.68451714	0.171250236	0
27.69325398	0.126809257	0
27.70190867	0.082349204	0
27.71048113	0.037870175	0
27.71897122	-0.00662773	0
27.72737885	-0.051144413	0
27.73570389	-0.095679773	0
27.74394624	-0.14023371	0
27.75210579	-0.184806123	0
27.76018242	-0.229396912	0
27.76817603	-0.274005974	0
27.77608651	-0.318633209	0
27.78391374	-0.363278513	0
27.79165762	-0.407941785	0
27.79931803	-0.45262292	0
27.80689487	-0.497321816	0
27.81438803	-0.542038368	0
27.8217974	-0.586772472	0
27.82912288	-0.631524024	0
27.83636434	-0.676292918	0
27.84352169	-0.721079049	0
27.85059481	-0.765882311	0
27.8575836	-0.810702598	0
27.86448796	-0.855539802	0
27.87130777	-0.900393817	0
27.87804293	-0.945264535	0
27.88469333	-0.990151848	0
27.89125886	-1.035055647	0
27.89773943	-1.079975825	0
27.90413491	-1.124912271	0
27.91044522	-1.169864875	0
27.91667024	-1.214833529	0
27.92280986	-1.259818122	0
27.92886399	-1.304818542	0
27.93483251	-1.349834678	0
27.94071533	-1.394866419	0
27.94651235	-1.439913653	0
27.95222344	-1.484976266	0
27.95784852	-1.530054147	0
27.96338748	-1.575147181	0
27.96884022	-1.620255256	0
27.97420663	-1.665378256	0
27.97948662	-1.710516068	0
27.98468008	-1.755668576	0
27.9897869	-1.800835665	0
27.994807	-1.846017219	0
27.99974026	-1.891213122	0
28.00458659	-1.936423257	0
28.00934589	-1.981647507	0
28.01401805	-2.026885755	0
28.01860297	-2.072137883	0
28.02310057	-2.117403772	0
28.02751073	-2.162683304	0
28.03183336	-2.20797636	0
28.03606836	-2.25328282	0
28.04021563	-2.298602565	0
28.04427508	-2.343935473	0
28.0482466	-2.389281424	0
28.05213011	-2.434640298	0
28.05592549	-2.480011971	0
28.05963267	-2.525396323	0
28.06325153	-2.570793231	0
28.06678198	-2.616202573	0
28.07022394	-2.661624224	0
28.0735773	-2.707058061	0
28.07684196	-2.752503961	0
28.08001784	-2.797961798	0
28.08310484	-2.843431448	0
28.08610287	-2.888912786	0
28.08901182	-2.934405685	0
28.09183162	-2.979910021	0
28.09456216	-3.025425665	0
28.09720336	-3.070952492	0
28.09975512	-3.116490374	0
28.10221735	-3.162039184	0
28.10458996	-3.207598792	0
28.10687285	-3.253169071	0
28.10906594	-3.298749892	0
28.11116914	-3.344341125	0
28.11318236	-3.38994264	0
28.1151055	-3.435554308	0
28.11693849	-3.481175998	0
28.11868122	-3.526807578	0
28.12033361	-3.572448918	0
28.12189558	-3.618099886	0
28.12336704	-3.663760349	0
28.12474789	-3.709430175	0
28.12603805	-3.75510923	0
28.12723744	-3.800797382	0
28.12834597	-3.846494497	0
28.12936356	-3.892200441	0
28.13029011	-3.937915078	0
28.13112554	-3.983638274	0
28.13186978	-4.029369894	0
28.13252273	-4.075109801	0
28.13308431	-4.12085786	0
28.13355444	-4.166613934	0
28.13393304	-4.212377886	0
28.13422002	-4.258149579	0
28.1344153	-4.303928874	0
28.1345188	-4.349715635	0
28.13453044	-4.395509721	0
28.13445014	-4.441310995	0
28.13427782	-4.487119317	0
28.1340134	-4.532934547	0
28.13365679	-4.578756546	0
28.13320792	-4.624585172	0
28.13266672	-4.670420284	0
28.13203309	-4.716261743	0
28.13130698	-4.762109405	0
28.13048829	-4.807963129	0
28.12957695	-4.853822773	0
28.12857289	-4.899688193	0
28.12747602	-4.945559247	0
28.12628628	-4.991435791	0
28.12500359	-5.037317681	0
28.12362787	-5.083204773	0
28.12215906	-5.129096921	0
28.12059707	-5.174993982	0
28.11894183	-5.220895809	0
28.11719327	-5.266802257	0
28.11535132	-5.312713179	0
28.11341591	-5.358628429	0
28.11138697	-5.40454786	0
28.10926441	-5.450471325	0
28.10704819	-5.496398676	0
28.10473821	-5.542329765	0
28.10233442	-5.588264444	0
28.09983675	-5.634202564	0
28.09724513	-5.680143975	0
28.09455948	-5.726088528	0
28.09177975	-5.772036074	0
28.08890586	-5.817986462	0
28.08593775	-5.863939541	0
28.08287535	-5.909895161	0
28.0797186	-5.95585317	0
28.07646743	-6.001813417	0
28.07312178	-6.04777575	0
28.06968158	-6.093740016	0
28.06614677	-6.139706062	0
28.06251729	-6.185673736	0
28.05879307	-6.231642885	0
28.05497406	-6.277613353	0
28.05106018	-6.323584988	0
28.04705139	-6.369557635	0
28.04294762	-6.415531138	0
28.0387488	-6.461505344	0
28.03445489	-6.507480096	0
28.03006582	-6.553455238	0
28.02558153	-6.599430615	0
28.02100196	-6.64540607	0
28.01632707	-6.691381447	0
28.01155678	-6.737356587	0
28.00669105	-6.783331334	0
28.00172982	-6.829305529	0
27.99667303	-6.875279015	0
27.99152063	-6.921251633	0
27.98627257	-6.967223225	0
27.98092878	-7.01319363	0
27.97548923	-7.059162691	0
27.96995385	-7.105130246	0
27.9643226	-7.151096137	0
27.95859542	-7.197060201	0
27.95277226	-7.24302228	0
27.94685307	-7.288982211	0
27.94083781	-7.334939834	0
27.93472641	-7.380894987	0
27.92851885	-7.426847507	0
27.92221505	-7.472797233	0
27.91581499	-7.518744002	0
27.90931861	-7.564687652	0
27.90272586	-7.610628018	0
27.8960367	-7.656564938	0
27.88925109	-7.702498247	0
27.88236898	-7.748427782	0
27.87539032	-7.794353378	0
27.86831508	-7.840274871	0
27.86114321	-7.886192096	0
27.85387466	-7.932104888	0
27.8465094	-7.97801308	0
27.83904738	-8.023916507	0
27.83148856	-8.069815004	0
27.82383291	-8.115708403	0
27.81608039	-8.161596538	0
27.80823095	-8.207479243	0
27.80028456	-8.253356349	0
27.79224117	-8.29922769	0
27.78410076	-8.345093098	0
27.77586329	-8.390952404	0
27.76752872	-8.436805441	0
27.75909701	-8.48265204	0
27.75056813	-8.528492033	0
27.74194205	-8.574325249	0
27.73321874	-8.62015152	0
27.72439815	-8.665970676	0
27.71548027	-8.711782548	0
27.70646505	-8.757586965	0
27.69735247	-8.803383757	0
27.68814249	-8.849172754	0
27.67883509	-8.894953784	0
27.66943024	-8.940726677	0
27.6599279	-8.986491261	0
27.65032806	-9.032247364	0
27.64063068	-9.077994816	0
27.63083574	-9.123733444	0
27.62094321	-9.169463075	0
27.61095306	-9.215183538	0
27.60086528	-9.260894659	0
27.59067983	-9.306596266	0
27.5803967	-9.352288185	0
27.57001586	-9.397970243	0
27.55953729	-9.443642267	0
27.54896096	-9.489304083	0
27.53828687	-9.534955517	0
27.52751498	-9.580596394	0
27.51664527	-9.626226541	0
27.50567774	-9.671845781	0
27.49461235	-9.717453942	0
27.4834491	-9.763050847	0
27.47218796	-9.808636322	0
27.46082893	-9.854210191	0
27.44937197	-9.899772278	0
27.43781709	-9.945322408	0
27.42616426	-9.990860405	0
27.41441347	-10.03638609	0
27.4025647	-10.08189929	0
27.39061795	-10.12739983	0
27.37857321	-10.17288753	0
27.36643046	-10.21836221	0
27.35418969	-10.26382371	0
27.34185089	-10.30927183	0
27.32941406	-10.3547064	0
27.31687918	-10.40012725	0
27.30424625	-10.44553419	0
27.29151526	-10.49092705	0
27.27868621	-10.53630566	0
27.26575908	-10.58166983	0
27.25273388	-10.62701938	0
27.23961059	-10.67235414	0
27.22638922	-10.71767392	0
27.21306977	-10.76297856	0
27.19965222	-10.80826786	0
27.18613659	-10.85354166	0
27.17252286	-10.89879977	0
27.15881104	-10.94404201	0
27.14500113	-10.9892682	0
27.13109313	-11.03447816	0
27.11708704	-11.07967172	0
27.10298287	-11.1248487	0
27.08878061	-11.1700089	0
27.07448027	-11.21515217	0
27.06008186	-11.2602783	0
27.04558538	-11.30538713	0
27.03099084	-11.35047847	0
27.01629824	-11.39555215	0
27.00150759	-11.44060797	0
26.9866189	-11.48564577	0
26.97163218	-11.53066536	0
26.95654744	-11.57566656	0
26.94136469	-11.62064919	0
26.92608393	-11.66561307	0
26.91070519	-11.71055801	0
26.89522847	-11.75548384	0
26.87965378	-11.80039038	0
26.86398115	-11.84527744	0
26.84821058	-11.89014484	0
26.83234208	-11.9349924	0
26.81637569	-11.97981994	0
26.8003114	-12.02462728	0
26.78414924	-12.06941423	0
26.76788923	-12.11418062	0
26.75153139	-12.15892626	0
26.73507573	-12.20365097	0
26.71852228	-12.24835457	0
26.70187105	-12.29303688	0
26.68512207	-12.33769771	0
26.66827536	-12.38233689	0
26.65133094	-12.42695422	0
26.63428884	-12.47154954	0
26.61714908	-12.51612266	0
26.59991168	-12.56067339	0
26.58257668	-12.60520155	0
26.56514409	-12.64970696	0
26.54761395	-12.69418945	0
26.52998629	-12.73864882	0
26.51226112	-12.7830849	0
26.49443849	-12.8274975	0
26.47651842	-12.87188644	0
26.45850094	-12.91625154	0
26.44038609	-12.96059262	0
26.42217389	-13.00490949	0
26.40386438	-13.04920197	0
26.3854576	-13.09346989	0
26.36695357	-13.13771306	0
26.34835234	-13.18193129	0
26.32965393	-13.2261244	0
26.3108584	-13.27029222	0
26.29196576	-13.31443457	0
26.27297606	-13.35855125	0
26.25388935	-13.40264208	0
26.23470565	-13.4467069	0
26.21542501	-13.49074551	0
26.19604747	-13.53475773	0
26.17657308	-13.57874338	0
26.15700187	-13.62270228	0
26.13733389	-13.66663425	0
26.11756917	-13.7105391	0
26.09770778	-13.75441666	0
26.07774975	-13.79826675	0
26.05769512	-13.84208918	0
26.03754395	-13.88588376	0
26.01729628	-13.92965033	0
25.99695215	-13.9733887	0
25.97651163	-14.01709869	0
25.95597476	-14.06078011	0
25.93534158	-14.1044328	0
25.91461216	-14.14805656	0
25.89378653	-14.19165121	0
25.87286476	-14.23521658	0
25.8518469	-14.27875249	0
25.830733	-14.32225875	0
25.80952312	-14.36573519	0
25.7882173	-14.40918163	0
25.76681562	-14.45259787	0
25.74531811	-14.49598376	0
25.72372485	-14.5393391	0
25.70203589	-14.58266372	0
25.68025129	-14.62595744	0
25.65837111	-14.66922007	0
25.63639541	-14.71245145	0
25.61432425	-14.75565139	0
25.59215769	-14.79881971	0
25.5698958	-14.84195623	0
25.54753863	-14.88506078	0
25.52508626	-14.92813317	0
25.50253874	-14.97117324	0
25.47989615	-15.01418079	0
25.45715854	-15.05715566	0
25.434326	-15.10009767	0
25.41139857	-15.14300663	0
25.38837633	-15.18588238	0
25.36525936	-15.22872473	0
25.34204771	-15.2715335	0
25.31874147	-15.31430853	0
25.2953407	-15.35704964	0
25.27184547	-15.39975664	0
25.24825585	-15.44242936	0
25.22457193	-15.48506763	0
25.20079377	-15.52767128	0
25.17692144	-15.57024011	0
25.15295503	-15.61277397	0
25.12889461	-15.65527267	0
25.10474026	-15.69773605	0
25.08049204	-15.74016392	0
25.05615005	-15.78255611	0
25.03171436	-15.82491245	0
25.00718505	-15.86723277	0
24.9825622	-15.90951688	0
24.95784589	-15.95176462	0
24.9330362	-15.99397582	0
24.90813321	-16.0361503	0
24.88313702	-16.07828788	0
24.85804769	-16.12038841	0
24.83286532	-16.16245169	0
24.80758999	-16.20447757	0
24.78222179	-16.24646587	0
24.7567608	-16.28841642	0
24.73120711	-16.33032905	0
24.7055608	-16.37220358	0
24.67982197	-16.41403986	0
24.65399071	-16.4558377	0
24.6280671	-16.49759693	0
24.60205124	-16.5393174	0
24.57594321	-16.58099892	0
24.54974312	-16.62264134	0
24.52345104	-16.66424447	0
24.49706707	-16.70580816	0
24.47059132	-16.74733223	0
24.44402386	-16.78881651	0
24.4173648	-16.83026085	0
24.39061424	-16.87166506	0
24.36377226	-16.91302899	0
24.33683897	-16.95435247	0
24.30981446	-16.99563533	0
24.28269884	-17.03687741	0
24.2554922	-17.07807854	0
24.22819463	-17.11923855	0
24.20080625	-17.16035729	0
24.17332716	-17.20143457	0
24.14575744	-17.24247026	0
24.11809721	-17.28346416	0
24.09034657	-17.32441614	0
24.06250563	-17.36532601	0
24.03457448	-17.40619362	0
24.00655323	-17.44701881	0
23.97844199	-17.48780141	0
23.95024086	-17.52854126	0
23.92194995	-17.5692382	0
23.89356937	-17.60989208	0
23.86509923	-17.65050272	0
23.83653963	-17.69106997	0
23.80789068	-17.73159366	0
23.77915249	-17.77207365	0
23.75032517	-17.81250977	0
23.72140884	-17.85290186	0
23.69240361	-17.89324976	0
23.66330958	-17.93355331	0
23.63412688	-17.97381237	0
23.60485561	-18.01402676	0
23.57549588	-18.05419634	0
23.54604782	-18.09432094	0
23.51651154	-18.13440042	0
23.48688715	-18.17443461	0
23.45717477	-18.21442336	0
23.42737452	-18.25436651	0
23.39748651	-18.29426392	0
23.36751087	-18.33411543	0
23.33744771	-18.37392088	0
23.30729715	-18.41368012	0
23.27705931	-18.45339299	0
23.24673431	-18.49305936	0
23.21632228	-18.53267906	0
23.18582333	-18.57225194	0
23.15523758	-18.61177785	0
23.12456517	-18.65125665	0
23.0938062	-18.69068818	0
23.06296082	-18.73007228	0
23.03202913	-18.76940883	0
23.00101127	-18.80869765	0
22.96990736	-18.84793861	0
22.93871753	-18.88713157	0
22.90744191	-18.92627636	0
22.87608061	-18.96537284	0
22.84463377	-19.00442088	0
22.81310152	-19.04342031	0
22.78148399	-19.082371	0
22.7497813	-19.12127281	0
22.71799359	-19.16012558	0
22.68612098	-19.19892917	0
22.65416361	-19.23768344	0
22.6221216	-19.27638825	0
22.5899951	-19.31504345	0
22.55778422	-19.3536489	0
22.52548912	-19.39220447	0
22.49310991	-19.43071	0
22.46064673	-19.46916536	0
22.42809972	-19.5075704	0
22.39546901	-19.545925	0
22.36275474	-19.584229	0
22.32995704	-19.62248228	0
22.29707605	-19.66068468	0
22.26411191	-19.69883608	0
22.23106475	-19.73693634	0
22.19793471	-19.77498531	0
22.16472193	-19.81298288	0
22.13142655	-19.85092888	0
22.09804871	-19.88882321	0
22.06458855	-19.92666571	0
22.0310462	-19.96445625	0
21.99742182	-20.00219471	0
21.96371553	-20.03988094	0
21.92992749	-20.07751482	0
21.89605782	-20.11509621	0
21.86210669	-20.15262498	0
21.82807422	-20.19010101	0
21.79396057	-20.22752415	0
21.75976587	-20.26489428	0
21.72549027	-20.30221127	0
21.69113392	-20.33947499	0
21.65669695	-20.37668532	0
21.62217953	-20.41384212	0
21.58758178	-20.45094527	0
21.55290386	-20.48799463	0
21.51814592	-20.5249901	0
21.4833081	-20.56193153	0
21.44839055	-20.5988188	0
21.41339342	-20.6356518	0
21.37831685	-20.67243039	0
21.343161	-20.70915444	0
21.30792601	-20.74582385	0
21.27261203	-20.78243848	0
21.23721922	-20.81899822	0
21.20174773	-20.85550294	0
21.1661977	-20.89195252	0
21.13056928	-20.92834684	0
21.09486263	-20.96468578	0
21.0590779	-21.00096922	0
21.02321525	-21.03719705	0
20.98727481	-21.07336914	0
20.95125676	-21.10948538	0
20.91516124	-21.14554565	0
20.8789884	-21.18154983	0
20.84273839	-21.21749781	0
20.80641139	-21.25338948	0
20.77000752	-21.28922471	0
20.73352697	-21.3250034	0
20.69696987	-21.36072542	0
20.66033638	-21.39639068	0
20.62362666	-21.43199905	0
20.58684087	-21.46755042	0
20.54997917	-21.50304468	0
20.5130417	-21.53848172	0
20.47602863	-21.57386144	0
20.43894012	-21.60918371	0
20.40177632	-21.64444843	0
20.36453739	-21.6796555	0
20.32722349	-21.7148048	0
20.28983478	-21.74989623	0
20.25237142	-21.78492968	0
20.21483357	-21.81990505	0
20.17722138	-21.85482222	0
20.13953502	-21.88968109	0
20.10177465	-21.92448157	0
20.06394043	-21.95922353	0
20.02603252	-21.99390689	0
19.98805108	-22.02853154	0
19.94999627	-22.06309737	0
19.91186826	-22.09760429	0
19.8736672	-22.13205218	0
19.83539325	-22.16644096	0
19.79704659	-22.20077053	0
19.75862738	-22.23504077	0
19.72013576	-22.2692516	0
19.68157192	-22.30340291	0
19.64293601	-22.33749462	0
19.6042282	-22.37152661	0
19.56544865	-22.40549879	0
19.52659752	-22.43941107	0
19.48767498	-22.47326336	0
19.4486812	-22.50705555	0
19.40961633	-22.54078755	0
19.37048054	-22.57445927	0
19.33127401	-22.60807062	0
19.29199689	-22.6416215	0
19.25264935	-22.67511182	0
19.21323155	-22.7085415	0
19.17374367	-22.74191042	0
19.13418586	-22.77521852	0
19.0945583	-22.8084657	0
19.05486115	-22.84165186	0
19.01509458	-22.87477692	0
18.97525875	-22.9078408	0
18.93535383	-22.9408434	0
18.89538	-22.97378464	0
18.85533741	-23.00666443	0
18.81522623	-23.03948268	0
18.77504664	-23.07223931	0
18.7347988	-23.10493424	0
18.69448287	-23.13756738	0
18.65409903	-23.17013864	0
18.61364745	-23.20264795	0
18.57312829	-23.23509522	0
18.53254713	-23.26747604	0
18.49190952	-23.29978599	0
18.45121558	-23.33202495	0
18.41046543	-23.36419284	0
18.3696592	-23.39628957	0
18.32879701	-23.42831502	0
18.28787899	-23.46026911	0
18.24690527	-23.49215173	0
18.20587596	-23.52396279	0
18.16479119	-23.55570219	0
18.12365108	-23.58736984	0
18.08245578	-23.61896564	0
18.04120538	-23.65048948	0
17.99990003	-23.68194129	0
17.95853986	-23.71332096	0
17.91712497	-23.74462839	0
17.87565551	-23.77586349	0
17.83413159	-23.80702617	0
17.79255335	-23.83811632	0
17.75092091	-23.86913386	0
17.7092344	-23.90007869	0
17.66749394	-23.93095072	0
17.62569967	-23.96174985	0
17.5838517	-23.99247599	0
17.54195017	-24.02312904	0
17.4999952	-24.05370891	0
17.45798693	-24.08421552	0
17.41592547	-24.11464875	0
17.37381097	-24.14500853	0
17.33164354	-24.17529476	0
17.28942331	-24.20550735	0
17.24715042	-24.23564621	0
17.20482499	-24.26571123	0
17.16244715	-24.29570234	0
17.12001703	-24.32561945	0
17.07753476	-24.35546245	0
17.03500047	-24.38523126	0
16.99241429	-24.41492579	0
16.94977635	-24.44454594	0
16.90708677	-24.47409164	0
16.8643457	-24.50356278	0
16.82155325	-24.53295928	0
16.77870956	-24.56228105	0
16.73581475	-24.59152799	0
16.69286897	-24.62070003	0
16.64987234	-24.64979707	0
16.60682499	-24.67881902	0
16.56372706	-24.70776579	0
16.52057866	-24.73663731	0
16.47737995	-24.76543346	0
16.43413104	-24.79415418	0
16.39083207	-24.82279937	0
16.34748317	-24.85136895	0
16.30408447	-24.87986283	0
16.2606361	-24.90828091	0
16.21713821	-24.93662312	0
16.17359091	-24.96488938	0
16.12999435	-24.99307958	0
16.08634865	-25.02119365	0
16.04265395	-25.0492315	0
15.99891038	-25.07719305	0
15.95511808	-25.1050782	0
15.91127717	-25.13288689	0
15.8673878	-25.16061901	0
15.82345009	-25.18827449	0
15.77946418	-25.21585324	0
15.7354302	-25.24335518	0
15.69134829	-25.27078023	0
15.64721858	-25.29812829	0
15.60304121	-25.3253993	0
15.55881631	-25.35259316	0
15.51454401	-25.37970978	0
15.47022445	-25.4067491	0
15.42585777	-25.43371103	0
15.3814441	-25.46059548	0
15.33698357	-25.48740237	0
15.29247632	-25.51413162	0
15.24792249	-25.54078315	0
15.20332222	-25.56735689	0
15.15867563	-25.59385273	0
15.11398286	-25.62027062	0
15.06924406	-25.64661046	0
15.02445935	-25.67287218	0
14.97962887	-25.69905569	0
14.93475277	-25.72516092	0
14.88983117	-25.75118779	0
14.84486421	-25.77713621	0
14.79985203	-25.80300611	0
14.75479477	-25.82879741	0
14.70969257	-25.85451003	0
14.66454555	-25.8801439	0
14.61935387	-25.90569893	0
14.57411765	-25.93117505	0
14.52883704	-25.95657217	0
14.48351217	-25.98189023	0
14.43814318	-26.00712914	0
14.39273021	-26.03228883	0
14.34727339	-26.05736922	0
14.30177288	-26.08237024	0
14.25622879	-26.1072918	0
14.21064128	-26.13213384	0
14.16501048	-26.15689627	0
14.11933654	-26.18157903	0
14.07361958	-26.20618203	0
14.02785975	-26.2307052	0
13.98205719	-26.25514847	0
13.93621204	-26.27951176	0
13.89032444	-26.303795	0
13.84439452	-26.32799812	0
13.79842243	-26.35212103	0
13.75240831	-26.37616367	0
13.7063523	-26.40012597	0
13.66025454	-26.42400784	0
13.61411516	-26.44780923	0
13.56793431	-26.47153005	0
13.52171213	-26.49517023	0
13.47544877	-26.5187297	0
13.42914435	-26.5422084	0
13.38279903	-26.56560624	0
13.33641294	-26.58892315	0
13.28998623	-26.61215908	0
13.24351903	-26.63531393	0
13.19701149	-26.65838765	0
13.15046375	-26.68138017	0
13.10387595	-26.70429141	0
13.05724823	-26.7271213	0
13.01058074	-26.74986978	0
12.96387362	-26.77253677	0
12.91712701	-26.79512221	0
12.87034105	-26.81762603	0
12.82351588	-26.84004816	0
12.77665165	-26.86238852	0
12.7297485	-26.88464706	0
12.68280658	-26.9068237	0
12.63582602	-26.92891839	0
12.58880697	-26.95093104	0
12.54174957	-26.97286159	0
12.49465397	-26.99470998	0
12.4475203	-27.01647614	0
12.40034872	-27.03816	0
12.35313937	-27.0597615	0
12.30589238	-27.08128057	0
12.25860791	-27.10271714	0
12.2112861	-27.12407116	0
12.16392709	-27.14534255	0
12.11653103	-27.16653125	0
12.06909806	-27.1876372	0
12.02162832	-27.20866033	0
11.97412196	-27.22960058	0
11.92657913	-27.25045788	0
11.87899997	-27.27123217	0
11.83138462	-27.29192339	0
11.78373323	-27.31253148	0
11.73604595	-27.33305636	0
11.68832292	-27.35349798	0
11.64056428	-27.37385628	0
11.59277018	-27.3941312	0
11.54494077	-27.41432267	0
11.49707619	-27.43443062	0
11.44917659	-27.45445501	0
11.40124211	-27.47439577	0
11.3532729	-27.49425283	0
11.30526911	-27.51402615	0
11.25723088	-27.53371565	0
11.20915836	-27.55332128	0
11.1610517	-27.57284297	0
11.11291103	-27.59228068	0
11.06473652	-27.61163433	0
11.0165283	-27.63090387	0
10.96828652	-27.65008925	0
10.92001133	-27.6691904	0
10.87170287	-27.68820726	0
10.8233613	-27.70713978	0
10.77498676	-27.7259879	0
10.72657939	-27.74475156	0
10.67813935	-27.76343071	0
10.62966679	-27.78202528	0
10.58116184	-27.80053522	0
10.53262466	-27.81896048	0
10.4840554	-27.837301	0
10.4354542	-27.85555672	0
10.38682121	-27.87372759	0
10.33815658	-27.89181355	0
10.28946046	-27.90981454	0
10.240733	-27.92773052	0
10.19197434	-27.94556143	0
10.14318464	-27.96330721	0
10.09436404	-27.9809678	0
10.04551269	-27.99854317	0
9.996630734	-28.01603324	0
9.94771833	-28.03343797	0
9.898775625	-28.05075731	0
9.849802766	-28.0679912	0
9.800799902	-28.08513959	0
9.751767184	-28.10220243	0
9.70270476	-28.11917966	0
9.65361278	-28.13607124	0
9.604491394	-28.15287711	0
9.55534075	-28.16959722	0
9.506161	-28.18623153	0
9.456952291	-28.20277997	0
9.407714776	-28.2192425	0
9.358448603	-28.23561907	0
9.309153922	-28.25190963	0
9.259830884	-28.26811413	0
9.210479639	-28.28423252	0
9.161100337	-28.30026475	0
9.111693129	-28.31621078	0
9.062258166	-28.33207055	0
9.012795597	-28.34784401	0
8.963305573	-28.36353112	0
8.913788246	-28.37913183	0
8.864243766	-28.3946461	0
8.814672283	-28.41007387	0
8.76507395	-28.42541509	0
8.715448917	-28.44066973	0
8.665797335	-28.45583773	0
8.616119355	-28.47091905	0
8.566415129	-28.48591365	0
8.516684809	-28.50082147	0
8.466928545	-28.51564247	0
8.41714649	-28.53037661	0
8.367338794	-28.54502384	0
8.31750561	-28.55958412	0
8.267647089	-28.5740574	0
8.217763384	-28.58844364	0
8.167854646	-28.60274279	0
8.117921027	-28.61695481	0
8.06796268	-28.63107966	0
8.017979757	-28.6451173	0
7.967972409	-28.65906768	0
7.917940789	-28.67293076	0
7.86788505	-28.68670649	0
7.817805344	-28.70039484	0
7.767701823	-28.71399577	0
7.717574641	-28.72750922	0
7.66742395	-28.74093517	0
7.617249902	-28.75427357	0
7.567052651	-28.76752438	0
7.51683235	-28.78068755	0
7.466589151	-28.79376306	0
7.416323207	-28.80675085	0
7.366034672	-28.8196509	0
7.315723699	-28.83246315	0
7.26539044	-28.84518758	0
7.21503505	-28.85782413	0
7.164657682	-28.87037279	0
7.114258489	-28.8828335	0
7.063837625	-28.89520622	0
7.013395243	-28.90749093	0
6.962931497	-28.91968758	0
6.912446541	-28.93179613	0
6.861940528	-28.94381655	0
6.811413613	-28.95574881	0
6.760865949	-28.96759286	0
6.71029769	-28.97934867	0
6.65970899	-28.99101621	0
6.609100004	-29.00259543	0
6.558470885	-29.01408631	0
6.507821788	-29.0254888	0
6.457152867	-29.03680288	0
6.406464277	-29.0480285	0
6.355756171	-29.05916565	0
6.305028705	-29.07021427	0
6.254282032	-29.08117434	0
6.203516308	-29.09204582	0
6.152731686	-29.10282868	0
6.101928323	-29.11352289	0
6.051106372	-29.12412842	0
6.000265988	-29.13464523	0
5.949407326	-29.14507329	0
5.898530542	-29.15541257	0
5.847635789	-29.16566303	0
5.796723224	-29.17582466	0
5.745793	-29.18589741	0
5.694845274	-29.19588125	0
5.643880201	-29.20577616	0
5.592897935	-29.2155821	0
5.541898633	-29.22529904	0
5.490882448	-29.23492696	0
5.439849538	-29.24446583	0
5.388800057	-29.25391561	0
5.337734161	-29.26327628	0
5.286652005	-29.27254781	0
5.235553744	-29.28173017	0
5.184439536	-29.29082333	0
5.133309535	-29.29982727	0
5.082163897	-29.30874195	0
5.031002777	-29.31756735	0
4.979826333	-29.32630345	0
4.928634719	-29.33495022	0
4.877428091	-29.34350763	0
4.826206606	-29.35197565	0
4.77497042	-29.36035426	0
4.723719688	-29.36864343	0
4.672454567	-29.37684314	0
4.621175213	-29.38495336	0
4.569881782	-29.39297408	0
4.51857443	-29.40090525	0
4.467253314	-29.40874687	0
4.41591859	-29.4164989	0
4.364570414	-29.42416132	0
4.313208943	-29.43173412	0
4.261834333	-29.43921726	0
4.210446741	-29.44661072	0
4.159046323	-29.45391448	0
4.107633236	-29.46112852	0
4.056207637	-29.46825282	0
4.004769681	-29.47528735	0
3.953319527	-29.48223209	0
3.901857329	-29.48908703	0
3.850383246	-29.49585214	0
3.798897435	-29.5025274	0
3.747400051	-29.50911279	0
3.695891251	-29.51560828	0
3.644371194	-29.52201387	0
3.592840035	-29.52832953	0
3.541297932	-29.53455524	0
3.489745041	-29.54069099	0
3.43818152	-29.54673675	0
3.386607525	-29.5526925	0
3.335023215	-29.55855823	0
3.283428745	-29.56433392	0
3.231824273	-29.57001955	0
3.180209957	-29.57561511	0
3.128585953	-29.58112058	0
3.076952419	-29.58653593	0
3.025309513	-29.59186116	0
2.97365739	-29.59709625	0
2.921996209	-29.60224118	0
2.870326128	-29.60729593	0
2.818647302	-29.6122605	0
2.766959891	-29.61713486	0
2.715264051	-29.62191901	0
2.66355994	-29.62661292	0
2.611847715	-29.63121658	0
2.560127535	-29.63572998	0
2.508399555	-29.64015311	0
2.456663935	-29.64448594	0
2.404920831	-29.64872848	0
2.353170401	-29.6528807	0
2.301412803	-29.65694259	0
2.249648195	-29.66091414	0
2.197876733	-29.66479534	0
2.146098577	-29.66858617	0
2.094313883	-29.67228663	0
2.04252281	-29.6758967	0
1.990725515	-29.67941638	0
1.938922155	-29.68284564	0
1.88711289	-29.68618449	0
1.835297876	-29.68943291	0
1.783477271	-29.69259088	0
1.731651234	-29.69565841	0
1.679819921	-29.69863548	0
1.627983492	-29.70152209	0
1.576142103	-29.70431822	0
1.524295913	-29.70702386	0
1.47244508	-29.70963901	0
1.420589762	-29.71216366	0
1.368730116	-29.7145978	0
1.316869557	-29.71694127	0
1.265011492	-29.7191939	0
1.213156065	-29.72135566	0
1.161303423	-29.72342653	0
1.109453711	-29.72540648	0
1.057607077	-29.72729548	0
1.005763665	-29.72909352	0
0.953923624	-29.73080056	0
0.902087098	-29.73241658	0
0.850254236	-29.73394155	0
0.798425184	-29.73537546	0
0.746600089	-29.73671827	0
0.694779098	-29.73796997	0
0.642962359	-29.73913053	0
0.59115002	-29.74019992	0
0.539342229	-29.74117813	0
0.487539132	-29.74206512	0
0.435740879	-29.74286089	0
0.383947618	-29.7435654	0
0.332159496	-29.74417863	0
0.280376663	-29.74470056	0
0.228599267	-29.74513118	0
0.176827457	-29.74547045	0
0.125061382	-29.74571835	0
0.073301191	-29.74587487	0
0.021547034	-29.74593998	0
-0.03020094	-29.74591367	0
-0.081942581	-29.74579591	0
-0.133677739	-29.74558668	0
-0.185406265	-29.74528596	0
-0.237128009	-29.74489374	0
-0.288842819	-29.74440998	0
-0.340550546	-29.74383469	0
-0.392251039	-29.74316782	0
-0.443944147	-29.74240938	0
-0.49562972	-29.74155933	0
-0.547307606	-29.74061765	0
-0.598977654	-29.73958434	0
-0.650639712	-29.73845938	0
-0.70229363	-29.73724274	0
-0.753939255	-29.7359344	0
-0.805576436	-29.73453436	0
-0.85720502	-29.73304259	0
-0.908824856	-29.73145908	0
-0.960435791	-29.72978382	0
-1.012037673	-29.72801677	0
-1.063630348	-29.72615794	0
-1.115213666	-29.72420731	0
-1.166787471	-29.72216485	0
-1.218351612	-29.72003055	0
-1.269905934	-29.71780441	0
-1.321450286	-29.7154864	0
-1.372984512	-29.71307651	0
-1.42450846	-29.71057472	0
-1.476021976	-29.70798103	0
-1.527524906	-29.70529543	0
-1.579017094	-29.70251788	0
-1.630498388	-29.69964839	0
-1.681968633	-29.69668694	0
-1.733427674	-29.69363352	0
-1.784875357	-29.69048812	0
-1.836311526	-29.68725072	0
-1.887736026	-29.68392132	0
-1.939148703	-29.6804999	0
-1.990549401	-29.67698645	0
-2.041937964	-29.67338096	0
-2.093314238	-29.66968342	0
-2.144678065	-29.66589382	0
-2.196029291	-29.66201216	0
-2.247367758	-29.65803841	0
-2.298693312	-29.65397258	0
-2.350005795	-29.64981465	0
-2.401305051	-29.64556461	0
-2.452590924	-29.64122246	0
-2.503863256	-29.63678819	0
-2.555121891	-29.63226178	0
-2.606366671	-29.62764324	0
-2.65759744	-29.62293256	0
-2.708814039	-29.61812972	0
-2.760016313	-29.61323473	0
-2.811204102	-29.60824757	0
-2.862377249	-29.60316825	0
-2.913535596	-29.59799674	0
-2.964678985	-29.59273306	0
-3.015807258	-29.58737719	0
-3.066920256	-29.58192913	0
-3.118017822	-29.57638887	0
-3.169099796	-29.57075641	0
-3.220166019	-29.56503175	0
-3.271216333	-29.55921489	0
-3.322250579	-29.55330581	0
-3.373268598	-29.54730452	0
-3.424270229	-29.54121101	0
-3.475255315	-29.53502529	0
-3.526223695	-29.52874735	0
-3.577175209	-29.52237718	0
-3.628109698	-29.51591479	0
-3.679027001	-29.50936018	0
-3.72992696	-29.50271335	0
-3.780809412	-29.49597428	0
-3.831674199	-29.489143	0
-3.882521159	-29.48221949	0
-3.933350132	-29.47520375	0
-3.984160957	-29.46809579	0
-4.034953474	-29.46089561	0
-4.085727521	-29.45360321	0
-4.136482937	-29.44621859	0
-4.187219561	-29.43874176	0
-4.237937232	-29.43117271	0
-4.288635787	-29.42351145	0
-4.339315066	-29.41575798	0
-4.389974907	-29.40791231	0
-4.440615148	-29.39997444	0
-4.491235626	-29.39194437	0
-4.541836181	-29.38382211	0
-4.592416648	-29.37560767	0
-4.642976867	-29.36730104	0
-4.693516675	-29.35890224	0
-4.744035909	-29.35041127	0
-4.794534406	-29.34182814	0
-4.845012003	-29.33315285	0
-4.895468539	-29.32438541	0
-4.945903849	-29.31552583	0
-4.99631777	-29.30657411	0
-5.04671014	-29.29753027	0
-5.097080794	-29.28839431	0
-5.14742957	-29.27916624	0
-5.197756304	-29.26984607	0
-5.248060831	-29.26043381	0
-5.298342989	-29.25092946	0
-5.348602613	-29.24133305	0
-5.398839539	-29.23164458	0
-5.449053603	-29.22186406	0
-5.499244641	-29.21199149	0
-5.549412488	-29.20202691	0
-5.599556981	-29.1919703	0
-5.649677954	-29.1818217	0
-5.699775242	-29.1715811	0
-5.749848682	-29.16124853	0
-5.799898108	-29.150824	0
-5.849923354	-29.14030751	0
-5.899924257	-29.12969909	0
-5.949900651	-29.11899875	0
-5.999852371	-29.10820651	0
-6.049779251	-29.09732237	0
-6.099681126	-29.08634636	0
-6.14955783	-29.07527848	0
-6.199409198	-29.06411877	0
-6.249235064	-29.05286723	0
-6.299035262	-29.04152388	0
-6.348809626	-29.03008874	0
-6.39855799	-29.01856182	0
-6.448280189	-29.00694315	0
-6.497976056	-28.99523274	0
-6.547645424	-28.98343062	0
-6.597288128	-28.9715368	0
-6.646904001	-28.95955129	0
-6.696492876	-28.94747413	0
-6.746054587	-28.93530533	0
-6.795588967	-28.92304492	0
-6.84509585	-28.91069291	0
-6.894575068	-28.89824932	0
-6.944026455	-28.88571418	0
-6.993449844	-28.87308752	0
-7.042845068	-28.86036934	0
-7.092211958	-28.84755969	0
-7.14155035	-28.83465857	0
-7.190860074	-28.82166602	0
-7.240140963	-28.80858205	0
-7.289392851	-28.7954067	0
-7.33861557	-28.78213999	0
-7.387808952	-28.76878195	0
-7.436972829	-28.75533259	0
-7.486107034	-28.74179195	0
-7.5352114	-28.72816005	0
-7.584285757	-28.71443693	0
-7.633329939	-28.7006226	0
-7.682343777	-28.6867171	0
-7.731327103	-28.67272046	0
-7.78027975	-28.6586327	0
-7.829201549	-28.64445385	0
-7.878092331	-28.63018394	0
-7.92695193	-28.61582301	0
-7.975780176	-28.60137108	0
-8.024576901	-28.58682818	0
-8.073341936	-28.57219435	0
-8.122075114	-28.55746962	0
-8.170776265	-28.54265401	0
-8.219445222	-28.52774757	0
-8.268081814	-28.51275032	0
-8.316685875	-28.4976623	0
-8.365257235	-28.48248354	0
-8.413795725	-28.46721407	0
-8.462301177	-28.45185394	0
-8.510773422	-28.43640317	0
-8.55921229	-28.4208618	0
-8.607617614	-28.40522987	0
-8.655989223	-28.38950741	0
-8.70432695	-28.37369446	0
-8.752630625	-28.35779105	0
-8.800900078	-28.34179723	0
-8.849135142	-28.32571304	0
-8.897335646	-28.3095385	0
-8.945501422	-28.29327366	0
-8.9936323	-28.27691856	0
-9.041728111	-28.26047323	0
-9.089788687	-28.24393772	0
-9.137813857	-28.22731208	0
-9.185803453	-28.21059633	0
-9.233757304	-28.19379052	0
-9.281675243	-28.17689469	0
-9.329557099	-28.15990889	0
-9.377402703	-28.14283315	0
-9.425211886	-28.12566753	0
-9.472984478	-28.10841205	0
-9.520720309	-28.09106678	0
-9.568419212	-28.07363175	0
-9.616081015	-28.056107	0
-9.66370555	-28.03849258	0
-9.711292646	-28.02078854	0
-9.758842136	-28.00299493	0
-9.806353848	-27.98511178	0
-9.853827614	-27.96713916	0
-9.901263264	-27.94907709	0
-9.948660629	-27.93092564	0
-9.996019539	-27.91268485	0
-10.04333982	-27.89435476	0
-10.09062132	-27.87593544	0
-10.13786384	-27.85742692	0
-10.18506724	-27.83882926	0
-10.23223133	-27.82014251	0
-10.27935595	-27.80136671	0
-10.32644093	-27.78250193	0
-10.3734861	-27.76354821	0
-10.42049129	-27.7445056	0
-10.46745633	-27.72537416	0
-10.51438105	-27.70615395	0
-10.56126528	-27.686845	0
-10.60810886	-27.66744738	0
-10.6549116	-27.64796115	0
-10.70167335	-27.62838635	0
-10.74839394	-27.60872304	0
-10.79507318	-27.58897128	0
-10.84171093	-27.56913113	0
-10.888307	-27.54920264	0
-10.93486123	-27.52918586	0
-10.98137344	-27.50908087	0
-11.02784348	-27.4888877	0
-11.07427116	-27.46860643	0
-11.12065632	-27.44823711	0
-11.1669988	-27.4277798	0
-11.21329841	-27.40723456	0
-11.259555	-27.38660145	0
-11.3057684	-27.36588054	0
-11.35193843	-27.34507187	0
-11.39806492	-27.32417552	0
-11.44414772	-27.30319155	0
-11.49018664	-27.28212002	0
-11.53618152	-27.26096099	0
-11.58213219	-27.23971453	0
-11.62803849	-27.21838069	0
-11.67390024	-27.19695955	0
-11.71971728	-27.17545117	0
-11.76548943	-27.15385561	0
-11.81121653	-27.13217295	0
-11.85689841	-27.11040324	0
-11.90253491	-27.08854655	0
-11.94812584	-27.06660295	0
-11.99367106	-27.04457251	0
-12.03917038	-27.0224553	0
-12.08462364	-27.00025138	0
-12.13003067	-26.97796083	0
-12.1753913	-26.95558371	0
-12.22070537	-26.93312009	0
-12.26597271	-26.91057004	0
-12.31119314	-26.88793364	0
-12.35636651	-26.86521095	0
-12.40149264	-26.84240205	0
-12.44657137	-26.81950701	0
-12.49160253	-26.7965259	0
-12.53658596	-26.7734588	0
-12.58152147	-26.75030578	0
-12.62640892	-26.72706691	0
-12.67124812	-26.70374226	0
-12.71603892	-26.68033192	0
-12.76078115	-26.65683596	0
-12.80547464	-26.63325445	0
-12.85011922	-26.60958747	0
-12.89471472	-26.5858351	0
-12.93926099	-26.56199741	0
-12.98375785	-26.53807449	0
-13.02820514	-26.5140664	0
-13.07260269	-26.48997324	0
-13.11695033	-26.46579507	0
-13.1612479	-26.44153198	0
-13.20549524	-26.41718405	0
-13.24969217	-26.39275136	0
-13.29383854	-26.36823399	0
-13.33793417	-26.34363202	0
-13.3819789	-26.31894553	0
-13.42597256	-26.29417461	0
-13.46991499	-26.26931934	0
-13.51380603	-26.2443798	0
-13.55764551	-26.21935607	0
-13.60143326	-26.19424825	0
-13.64516913	-26.16905641	0
-13.68885293	-26.14378064	0
-13.73248452	-26.11842103	0
-13.77606372	-26.09297766	0
-13.81959038	-26.06745062	0
-13.86306432	-26.04183999	0
-13.90648539	-26.01614587	0
-13.94985341	-25.99036834	0
-13.99316824	-25.96450749	0
-14.03642969	-25.93856341	0
-14.07963761	-25.91253619	0
-14.12279184	-25.88642592	0
-14.16589221	-25.86023268	0
-14.20893855	-25.83395658	0
-14.25193072	-25.8075977	0
-14.29486854	-25.78115613	0
-14.33775184	-25.75463197	0
-14.38058048	-25.7280253	0
-14.42335428	-25.70133623	0
-14.46607309	-25.67456484	0
-14.50873673	-25.64771123	0
-14.55134506	-25.62077549	0
-14.5938979	-25.59375772	0
-14.6363951	-25.56665802	0
-14.6788365	-25.53947648	0
-14.72122193	-25.51221319	0
-14.76355123	-25.48486826	0
-14.80582424	-25.45744178	0
-14.84804081	-25.42993384	0
-14.89020076	-25.40234456	0
-14.93230395	-25.37467402	0
-14.9743502	-25.34692233	0
-15.01633937	-25.31908958	0
-15.05827128	-25.29117587	0
-15.10014579	-25.26318132	0
-15.14196272	-25.23510601	0
-15.18372193	-25.20695005	0
-15.22542325	-25.17871354	0
-15.26706652	-25.15039658	0
-15.30865159	-25.12199928	0
-15.35017829	-25.09352174	0
-15.39164647	-25.06496406	0
-15.43305597	-25.03632635	0
-15.47440663	-25.00760872	0
-15.51569829	-24.97881126	0
-15.5569308	-24.94993409	0
-15.598104	-24.9209773	0
-15.63921773	-24.89194102	0
-15.68027184	-24.86282534	0
-15.72126616	-24.83363036	0
-15.76220054	-24.80435621	0
-15.80307483	-24.77500299	0
-15.84388886	-24.74557081	0
-15.88464249	-24.71605977	0
-15.92533555	-24.68646998	0
-15.9659679	-24.65680157	0
-16.00653937	-24.62705463	0
-16.04704981	-24.59722928	0
-16.08749906	-24.56732564	0
-16.12788698	-24.5373438	0
-16.1682134	-24.50728389	0
-16.20847818	-24.47714602	0
-16.24868115	-24.44693031	0
-16.28882217	-24.41663686	0
-16.32890108	-24.38626579	0
-16.36891773	-24.35581721	0
-16.40887196	-24.32529125	0
-16.44876363	-24.29468801	0
-16.48859257	-24.26400762	0
-16.52835864	-24.23325019	0
-16.56806168	-24.20241584	0
-16.60770155	-24.17150468	0
-16.64727809	-24.14051683	0
-16.68679114	-24.10945242	0
-16.72624057	-24.07831155	0
-16.76562621	-24.04709436	0
-16.80494792	-24.01580096	0
-16.84420555	-23.98443146	0
-16.88339894	-23.952986	0
-16.92252795	-23.92146469	0
-16.96159243	-23.88986766	0
-17.00059223	-23.85819502	0
-17.03952719	-23.8264469	0
-17.07839717	-23.79462343	0
-17.11720202	-23.76272471	0
-17.1559416	-23.73075089	0
-17.19461575	-23.69870209	0
-17.23322433	-23.66657842	0
-17.27176719	-23.63438001	0
-17.31024417	-23.602107	0
-17.34865515	-23.5697595	0
-17.38699996	-23.53733764	0
-17.42527846	-23.50484155	0
-17.46349051	-23.47227136	0
-17.50163597	-23.43962719	0
-17.53971467	-23.40690918	0
-17.57772648	-23.37411745	0
-17.61567126	-23.34125213	0
-17.65354886	-23.30831335	0
-17.69135913	-23.27530125	0
-17.72910193	-23.24221594	0
-17.76677712	-23.20905756	0
-17.80438456	-23.17582625	0
-17.84192409	-23.14252214	0
-17.87939558	-23.10914535	0
-17.91679889	-23.07569603	0
-17.95413387	-23.04217429	0
-17.99140038	-23.00858029	0
-18.02859827	-22.97491414	0
-18.06572742	-22.941176	0
-18.10278767	-22.90736598	0
-18.13977888	-22.87348423	0
-18.17670092	-22.83953087	0
-18.21355364	-22.80550606	0
-18.25033691	-22.77140992	0
-18.28705058	-22.73724259	0
-18.32369452	-22.70300421	0
-18.36026859	-22.66869491	0
-18.39677264	-22.63431484	0
-18.43320654	-22.59986413	0
-18.46957016	-22.56534293	0
-18.50586335	-22.53075136	0
-18.54208597	-22.49608958	0
-18.5782379	-22.46135772	0
-18.61431899	-22.42655592	0
-18.6503291	-22.39168432	0
-18.68626811	-22.35674307	0
-18.72213587	-22.3217323	0
-18.75793225	-22.28665216	0
-18.79365712	-22.2515028	0
-18.82931034	-22.21628435	0
-18.86489177	-22.18099696	0
-18.90040129	-22.14564077	0
-18.93583875	-22.11021592	0
-18.97120403	-22.07472257	0
-19.00649699	-22.03916086	0
-19.0417175	-22.00353093	0
-19.07686543	-21.96783293	0
-19.11194064	-21.932067	0
-19.14694301	-21.89623329	0
-19.1818724	-21.86033195	0
-19.21672868	-21.82436313	0
-19.25151173	-21.78832698	0
-19.28622141	-21.75222363	0
-19.32085758	-21.71605325	0
-19.35542013	-21.67981598	0
-19.38990893	-21.64351196	0
-19.42432384	-21.60714136	0
-19.45866473	-21.57070432	0
-19.49293149	-21.53420099	0
-19.52712398	-21.49763152	0
-19.56124207	-21.46099607	0
-19.59528563	-21.42429478	0
-19.62925455	-21.38752781	0
-19.6631487	-21.35069531	0
-19.69696794	-21.31379743	0
-19.73071216	-21.27683433	0
-19.76438122	-21.23980617	0
-19.79797501	-21.20271308	0
-19.83149341	-21.16555524	0
-19.86493628	-21.12833279	0
-19.8983035	-21.09104589	0
-19.93159495	-21.05369469	0
-19.96481051	-21.01627936	0
-19.99795006	-20.97880004	0
-20.03101347	-20.9412569	0
-20.06400063	-20.90365009	0
-20.0969114	-20.86597977	0
-20.12974568	-20.82824609	0
-20.16250334	-20.79044923	0
-20.19518426	-20.75258932	0
-20.22778832	-20.71466654	0
-20.2603154	-20.67668104	0
-20.29276539	-20.63863298	0
-20.32513817	-20.60052252	0
-20.35743361	-20.56234983	0
-20.38965161	-20.52411505	0
-20.42179204	-20.48581837	0
-20.45385478	-20.44745992	0
-20.48583973	-20.40903989	0
-20.51774677	-20.37055842	0
-20.54957577	-20.33201569	0
-20.58132663	-20.29341185	0
-20.61299923	-20.25474706	0
-20.64459346	-20.2160215	0
-20.67610921	-20.17723533	0
-20.70754635	-20.1383887	0
-20.73890478	-20.09948179	0
-20.77018439	-20.06051476	0
-20.80138506	-20.02148777	0
-20.83250668	-19.98240099	0
-20.86354915	-19.94325458	0
-20.89451234	-19.90404872	0
-20.92539615	-19.86478356	0
-20.95620048	-19.82545928	0
-20.98692521	-19.78607605	0
-21.01757022	-19.74663402	0
-21.04813543	-19.70713337	0
-21.0786207	-19.66757426	0
-21.10902595	-19.62795687	0
-21.13935106	-19.58828137	0
-21.16959592	-19.54854791	0
-21.19976043	-19.50875668	0
-21.22984448	-19.46890784	0
-21.25984797	-19.42900156	0
-21.28977079	-19.38903801	0
-21.31961284	-19.34901737	0
-21.34937402	-19.30893979	0
-21.37905421	-19.26880547	0
-21.40865332	-19.22861456	0
-21.43817125	-19.18836724	0
-21.46760789	-19.14806368	0
-21.49696314	-19.10770405	0
-21.52623689	-19.06728853	0
-21.55542906	-19.02681729	0
-21.58453953	-18.9862905	0
-21.61356822	-18.94570834	0
-21.64251501	-18.90507098	0
-21.67137981	-18.86437859	0
-21.70016252	-18.82363135	0
-21.72886305	-18.78282944	0
-21.75748129	-18.74197303	0
-21.78601715	-18.70106229	0
-21.81447053	-18.6600974	0
-21.84284134	-18.61907854	0
-21.87112948	-18.57800588	0
-21.89933485	-18.53687961	0
-21.92745736	-18.49569989	0
-21.95549692	-18.4544669	0
-21.98345343	-18.41318082	0
-22.0113268	-18.37184183	0
-22.03911694	-18.33045011	0
-22.06682375	-18.28900584	0
-22.09444714	-18.24750919	0
-22.12198702	-18.20596034	0
-22.14944329	-18.16435947	0
-22.17681588	-18.12270676	0
-22.20410469	-18.08100239	0
-22.23130962	-18.03924654	0
-22.2584306	-17.99743939	0
-22.28546753	-17.95558112	0
-22.31242032	-17.91367192	0
-22.33928888	-17.87171195	0
-22.36607314	-17.82970141	0
-22.392773	-17.78764047	0
-22.41938837	-17.74552932	0
-22.44591917	-17.70336813	0
-22.47236533	-17.66115709	0
-22.49872674	-17.61889639	0
-22.52500333	-17.5765862	0
-22.55119501	-17.53422671	0
-22.5773017	-17.49181809	0
-22.60332332	-17.44936054	0
-22.62925978	-17.40685424	0
-22.65511101	-17.36429937	0
-22.68087692	-17.32169611	0
-22.70655744	-17.27904465	0
-22.73215247	-17.23634517	0
-22.75766195	-17.19359786	0
-22.78308579	-17.1508029	0
-22.80842391	-17.10796048	0
-22.83367625	-17.06507078	0
-22.85884271	-17.02213399	0
-22.88392322	-16.9791503	0
-22.90891771	-16.93611988	0
-22.93382609	-16.89304293	0
-22.9586483	-16.84991963	0
-22.98338426	-16.80675017	0
-23.00803389	-16.76353474	0
-23.03259712	-16.72027351	0
-23.05707388	-16.67696669	0
-23.08146409	-16.63361445	0
-23.10576768	-16.59021699	0
-23.12998458	-16.54677449	0
-23.15411472	-16.50328713	0
-23.17815803	-16.45975512	0
-23.20211443	-16.41617863	0
-23.22598385	-16.37255786	0
-23.24976623	-16.32889299	0
-23.2734615	-16.28518421	0
-23.29706959	-16.24143171	0
-23.32059043	-16.19763568	0
-23.34402396	-16.15379631	0
-23.3673701	-16.1099138	0
-23.39062879	-16.06598832	0
-23.41379997	-16.02202006	0
-23.43688356	-15.97800923	0
-23.45987951	-15.93395601	0
-23.48278776	-15.88986058	0
-23.50560823	-15.84572315	0
-23.52834086	-15.8015439	0
-23.55098559	-15.75732301	0
-23.57354237	-15.71306069	0
-23.59601112	-15.66875713	0
-23.61839179	-15.62441251	0
-23.64068431	-15.58002702	0
-23.66288863	-15.53560087	0
-23.68500469	-15.49113423	0
-23.70703242	-15.44662731	0
-23.72897177	-15.40208029	0
-23.75082269	-15.35749336	0
-23.7725851	-15.31286673	0
-23.79425897	-15.26820058	0
-23.81584422	-15.2234951	0
-23.83734081	-15.17875048	0
-23.85874868	-15.13396693	0
-23.88006778	-15.08914463	0
-23.90129804	-15.04428377	0
-23.92243943	-14.99938455	0
-23.94349187	-14.95444717	0
-23.96445533	-14.90947181	0
-23.98532975	-14.86445867	0
-24.00611507	-14.81940794	0
-24.02681125	-14.77431982	0
-24.04741824	-14.72919451	0
-24.06793598	-14.68403218	0
-24.08836444	-14.63883305	0
-24.10870354	-14.5935973	0
-24.12895326	-14.54832513	0
-24.14911355	-14.50301673	0
-24.16918434	-14.4576723	0
-24.18916561	-14.41229203	0
-24.20905729	-14.36687612	0
-24.22885935	-14.32142476	0
-24.24857175	-14.27593815	0
-24.26819443	-14.23041648	0
-24.28772735	-14.18485994	0
-24.30717048	-14.13926874	0
-24.32652375	-14.09364307	0
-24.34578715	-14.04798312	0
-24.36496061	-14.00228909	0
-24.38404411	-13.95656117	0
-24.40303759	-13.91079957	0
-24.42194103	-13.86500447	0
-24.44075438	-13.81917607	0
-24.45947759	-13.77331457	0
-24.47811064	-13.72742017	0
-24.49665348	-13.68149305	0
-24.51510608	-13.63553342	0
-24.5334684	-13.58954147	0
-24.5517404	-13.5435174	0
-24.56992205	-13.49746141	0
-24.58801331	-13.45137369	0
-24.60601415	-13.40525443	0
-24.62392453	-13.35910384	0
-24.64174442	-13.31292211	0
-24.65947379	-13.26670943	0
-24.6771126	-13.22046601	0
-24.69466081	-13.17419204	0
-24.71211841	-13.12788772	0
-24.72948536	-13.08155324	0
-24.74676162	-13.0351888	0
-24.76394717	-12.9887946	0
-24.78104198	-12.94237084	0
-24.79804602	-12.8959177	0
-24.81495926	-12.8494354	0
-24.83178168	-12.80292411	0
-24.84851323	-12.75638405	0
-24.86515391	-12.70981541	0
-24.88170368	-12.66321839	0
-24.89816252	-12.61659318	0
-24.9145304	-12.56993998	0
-24.9308073	-12.52325898	0
-24.94699319	-12.47655039	0
-24.96308805	-12.4298144	0
-24.97909186	-12.38305121	0
-24.99500459	-12.33626102	0
-25.01082622	-12.28944402	0
-25.02655674	-12.24260041	0
-25.04219611	-12.19573038	0
-25.05774433	-12.14883414	0
-25.07320136	-12.10191188	0
-25.0885672	-12.0549638	0
-25.10384182	-12.0079901	0
-25.1190252	-11.96099097	0
-25.13411734	-11.91396661	0
-25.1491182	-11.86691721	0
-25.16402777	-11.81984298	0
-25.17884604	-11.77274411	0
-25.19357299	-11.7256208	0
-25.20820861	-11.67847324	0
-25.22275288	-11.63130163	0
-25.23720579	-11.58410618	0
-25.25156732	-11.53688707	0
-25.26583747	-11.4896445	0
-25.28001621	-11.44237867	0
-25.29410355	-11.39508978	0
-25.30809946	-11.34777803	0
-25.32200394	-11.3004436	0
-25.33581697	-11.2530867	0
-25.34953855	-11.20570752	0
-25.36316867	-11.15830627	0
-25.37670732	-11.11088313	0
-25.39015449	-11.06343831	0
-25.40351017	-11.01597199	0
-25.41677436	-10.96848438	0
-25.42994705	-10.92097568	0
-25.44302823	-10.87344607	0
-25.4560179	-10.82589576	0
-25.46891606	-10.77832494	0
-25.4817227	-10.73073381	0
-25.49443781	-10.68312257	0
-25.50706139	-10.6354914	0
-25.51959345	-10.58784052	0
-25.53203397	-10.5401701	0
-25.54438296	-10.49248035	0
-25.55664041	-10.44477147	0
-25.56880633	-10.39704365	0
-25.58088071	-10.34929708	0
-25.59286355	-10.30153196	0
-25.60475486	-10.25374849	0
-25.61655464	-10.20594686	0
-25.62826289	-10.15812727	0
-25.63987961	-10.11028991	0
-25.6514048	-10.06243498	0
-25.66283847	-10.01456267	0
-25.67418062	-9.966673179	0
-25.68543126	-9.918766701	0
-25.69659039	-9.870843431	0
-25.70765801	-9.822903562	0
-25.71863414	-9.77494729	0
-25.72951878	-9.72697481	0
-25.74031193	-9.678986315	0
-25.75101361	-9.630982	0
-25.76162382	-9.582962059	0
-25.77214258	-9.534926686	0
-25.78256988	-9.486876076	0
-25.79290574	-9.438810421	0
-25.80315018	-9.390729917	0
-25.81330319	-9.342634756	0
-25.8233648	-9.294525131	0
-25.833335	-9.246401238	0
-25.84321383	-9.198263267	0
-25.85300128	-9.150111414	0
-25.86269738	-9.10194587	0
-25.87230213	-9.05376683	0
-25.88181555	-9.005574484	0
-25.89123765	-8.957369027	0
-25.90056845	-8.909150651	0
-25.90980797	-8.860919548	0
-25.91895622	-8.81267591	0
-25.92801322	-8.764419929	0
-25.93697898	-8.716151798	0
-25.94585353	-8.667871708	0
-25.95463688	-8.619579852	0
-25.96332904	-8.571276419	0
-25.97193005	-8.522961603	0
-25.98043992	-8.474635594	0
-25.98885866	-8.426298583	0
-25.9971863	-8.377950762	0
-26.00542286	-8.32959232	0
-26.01356837	-8.28122345	0
-26.02162284	-8.23284434	0
-26.0295863	-8.184455182	0
-26.03745876	-8.136056166	0
-26.04524026	-8.087647482	0
-26.05293082	-8.03922932	0
-26.06053046	-7.990801868	0
-26.06803921	-7.942365318	0
-26.07545709	-7.893919858	0
-26.08278413	-7.845465677	0
-26.09002035	-7.797002965	0
-26.09716578	-7.748531911	0
-26.10422046	-7.700052702	0
-26.1111844	-7.651565527	0
-26.11805763	-7.603070576	0
-26.1248402	-7.554568036	0
-26.13153211	-7.506058094	0
-26.13813341	-7.457540939	0
-26.14464412	-7.409016759	0
-26.15106427	-7.36048574	0
-26.15739391	-7.31194807	0
-26.16363304	-7.263403937	0
-26.16978172	-7.214853526	0
-26.17583997	-7.166297025	0
-26.18180782	-7.117734619	0
-26.18768531	-7.069166496	0
-26.19347248	-7.020592841	0
-26.19916935	-6.972013841	0
-26.20477596	-6.92342968	0
-26.21029235	-6.874840545	0
-26.21571855	-6.82624662	0
-26.2210546	-6.777648091	0
-26.22630053	-6.729045142	0
-26.23145639	-6.680437959	0
-26.2365222	-6.631826725	0
-26.24149802	-6.583211625	0
-26.24638387	-6.534592843	0
-26.2511798	-6.485970563	0
-26.25588584	-6.437344968	0
-26.26050203	-6.388716242	0
-26.26502843	-6.340084567	0
-26.26946505	-6.291450128	0
-26.27381195	-6.242813105	0
-26.27806917	-6.194173683	0
-26.28223676	-6.145532044	0
-26.28631474	-6.096888368	0
-26.29030317	-6.048242839	0
-26.29420209	-5.999595637	0
-26.29801154	-5.950946945	0
-26.30173156	-5.902296943	0
-26.30536221	-5.853645812	0
-26.30890353	-5.804993733	0
-26.31235555	-5.756340887	0
-26.31571834	-5.707687453	0
-26.31899192	-5.659033611	0
-26.32217636	-5.610379542	0
-26.3252717	-5.561725424	0
-26.32827798	-5.513071438	0
-26.33119526	-5.464417761	0
-26.33402357	-5.415764574	0
-26.33676298	-5.367112053	0
-26.33941353	-5.318460378	0
-26.34197527	-5.269809727	0
-26.34444824	-5.221160277	0
-26.34683251	-5.172512207	0
-26.34912812	-5.123865692	0
-26.35133511	-5.07522091	0
-26.35345356	-5.026578039	0
-26.3554835	-4.977937254	0
-26.35742499	-4.929298732	0
-26.35927807	-4.880662649	0
-26.36104282	-4.83202918	0
-26.36271927	-4.783398501	0
-26.36430749	-4.734770788	0
-26.36580752	-4.686146215	0
-26.36721942	-4.637524956	0
-26.36854325	-4.588907188	0
-26.36977906	-4.540293082	0
-26.37092692	-4.491682814	0
-26.37198686	-4.443076558	0
-26.37295896	-4.394474486	0
-26.37384327	-4.345876771	0
-26.37463985	-4.297283587	0
-26.37534875	-4.248695106	0
-26.37597003	-4.2001115	0
-26.37650376	-4.151532941	0
-26.37694999	-4.102959601	0
-26.37730878	-4.054391652	0
-26.37758018	-4.005829265	0
-26.37776427	-3.95727261	0
-26.3778611	-3.908721858	0
-26.37787074	-3.86017718	0
-26.37779324	-3.811638746	0
-26.37762866	-3.763106725	0
-26.37737707	-3.714581286	0
-26.37703853	-3.6660626	0
-26.3766131	-3.617550835	0
-26.37610085	-3.56904616	0
-26.37550184	-3.520548743	0
-26.37481613	-3.472058752	0
-26.37404379	-3.423576354	0
-26.37318488	-3.375101719	0
-26.37223947	-3.326635011	0
-26.37120763	-3.2781764	0
-26.37008941	-3.22972605	0
-26.36888488	-3.181284129	0
-26.36759412	-3.132850802	0
-26.36621718	-3.084426236	0
-26.36475414	-3.036010595	0
-26.36320506	-2.987604045	0
-26.36157	-2.93920675	0
-26.35984905	-2.890818876	0
-26.35804226	-2.842440586	0
-26.35614971	-2.794072044	0
-26.35417146	-2.745713415	0
-26.35210758	-2.697364861	0
-26.34995815	-2.649026545	0
-26.34772322	-2.60069863	0
-26.34540289	-2.552381279	0
-26.3429972	-2.504074653	0
-26.34050624	-2.455778915	0
-26.33793008	-2.407494226	0
-26.33526878	-2.359220747	0
-26.33252243	-2.31095864	0
-26.32969109	-2.262708064	0
-26.32677483	-2.21446918	0
-26.32377373	-2.166242148	0
-26.32068786	-2.118027127	0
-26.3175173	-2.069824278	0
-26.31426211	-2.021633758	0
-26.31092238	-1.973455727	0
-26.30749817	-1.925290344	0
-26.30398957	-1.877137765	0
-26.30039664	-1.82899815	0
-26.29671947	-1.780871655	0
-26.29295812	-1.732758438	0
-26.28911268	-1.684658655	0
-26.28518322	-1.636572464	0
-26.28116981	-1.588500019	0
-26.27707254	-1.540441478	0
-26.27289148	-1.492396995	0
-26.26862671	-1.444366726	0
-26.2642783	-1.396350826	0
-26.25984634	-1.34834945	0
-26.2553309	-1.300362751	0
-26.25073206	-1.252390884	0
-26.2460499	-1.204434003	0
-26.2412845	-1.15649226	0
-26.23643594	-1.108565809	0
-26.2315043	-1.060654802	0
-26.22648965	-1.012759392	0
-26.22139209	-0.964879731	0
-26.21621168	-0.91701597	0
-26.21094851	-0.869168261	0
-26.20560266	-0.821336755	0
-26.20017421	-0.773521603	0
-26.19466325	-0.725722955	0
-26.18906985	-0.677940961	0
-26.1833941	-0.63017577	0
-26.17763608	-0.582427534	0
-26.17179587	-0.534696399	0
-26.16587356	-0.486982516	0
-26.15986922	-0.439286033	0
-26.15378295	-0.391607097	0
-26.14761482	-0.343945857	0
-26.14136492	-0.29630246	0
-26.13503333	-0.248677054	0
-26.12862014	-0.201069784	0
-26.12212544	-0.153480798	0
-26.1155493	-0.105910241	0
-26.10889181	-0.05835826	0
-26.10215306	-0.010824999	0
-26.09533313	0.036689395	0
-26.08843211	0.084184778	0
-26.08145008	0.131661006	0
-26.07438714	0.179117935	0
-26.06724336	0.22655542	0
-26.06001883	0.273973318	0
-26.05271365	0.321371486	0
-26.0453279	0.368749781	0
-26.03786166	0.416108061	0
-26.03031502	0.463446183	0
-26.02268807	0.510764006	0
-26.0149809	0.558061388	0
-26.0071936	0.605338188	0
-25.99932626	0.652594266	0
-25.99137896	0.699829479	0
-25.98335179	0.747043689	0
-25.97524484	0.794236756	0
-25.96705821	0.84140854	0
-25.95879197	0.888558901	0
-25.95044623	0.935687702	0
-25.94202107	0.982794803	0
-25.93351657	1.029880067	0
-25.92493284	1.076943355	0
-25.91626996	1.12398453	0
-25.90752802	1.171003455	0
-25.89870711	1.217999993	0
-25.88980733	1.264974007	0
-25.88082877	1.311925362	0
-25.8717715	1.358853921	0
-25.86263564	1.40575955	0
-25.85342127	1.452642112	0
-25.84412848	1.499501472	0
-25.83475736	1.546337498	0
-25.82530802	1.593150053	0
-25.81578052	1.639939005	0
-25.80617499	1.68670422	0
-25.79649149	1.733445565	0
-25.78673014	1.780162906	0
-25.77689101	1.826856112	0
-25.76697421	1.87352505	0
-25.75697983	1.920169588	0
-25.74690796	1.966789595	0
-25.7367587	2.01338494	0
-25.72653213	2.059955492	0
-25.71622836	2.106501119	0
-25.70584748	2.153021693	0
-25.69538958	2.199517083	0
-25.68485476	2.24598716	0
-25.67424312	2.292431794	0
-25.66355474	2.338850857	0
-25.65278972	2.385244219	0
-25.64194816	2.431611754	0
-25.63103016	2.477953333	0
-25.6200358	2.524268828	0
-25.60896519	2.570558112	0
-25.59781842	2.616821058	0
-25.58659559	2.663057541	0
-25.57529679	2.709267432	0
-25.56392212	2.755450608	0
-25.55247167	2.801606941	0
-25.54094555	2.847736307	0
-25.52934385	2.893838582	0
-25.51766667	2.939913639	0
-25.5059141	2.985961355	0
-25.49408624	3.031981607	0
-25.48218318	3.07797427	0
-25.47020504	3.123939221	0
-25.45815189	3.169876337	0
-25.44602385	3.215785496	0
-25.433821	3.261666574	0
-25.42154345	3.307519452	0
-25.4091913	3.353344005	0
-25.39676463	3.399140114	0
-25.38426356	3.444907658	0
-25.37168818	3.490646514	0
-25.35903858	3.536356564	0
-25.34631487	3.582037687	0
-25.33351715	3.627689763	0
-25.3206455	3.673312673	0
-25.30770004	3.718906298	0
-25.29468087	3.764470519	0
-25.28158807	3.810005217	0
-25.26842175	3.855510275	0
-25.25518201	3.900985575	0
-25.24186895	3.946430999	0
-25.22848267	3.991846429	0
-25.21502327	4.03723175	0
-25.20149084	4.082586844	0
-25.18788549	4.127911595	0
-25.17420732	4.173205888	0
-25.16045643	4.218469607	0
-25.14663291	4.263702636	0
-25.13273687	4.30890486	0
-25.11876841	4.354076165	0
-25.10472762	4.399216437	0
-25.09061462	4.444325561	0
-25.07642949	4.489403424	0
-25.06217234	4.534449912	0
-25.04784328	4.579464912	0
-25.03344239	4.624448312	0
-25.01896979	4.669399998	0
-25.00442557	4.714319859	0
-24.98980983	4.759207783	0
-24.97512268	4.804063658	0
-24.96036422	4.848887373	0
-24.94553454	4.893678817	0
-24.93063375	4.938437879	0
-24.91566195	4.98316445	0
-24.90061924	5.027858418	0
-24.88550573	5.072519675	0
-24.87032151	5.11714811	0
-24.85506668	5.161743615	0
-24.83974135	5.20630608	0
-24.82434562	5.250835398	0
-24.8088796	5.29533146	0
-24.79334337	5.339794158	0
-24.77773705	5.384223385	0
-24.76206074	5.428619033	0
-24.74631453	5.472980994	0
-24.73049854	5.517309163	0
-24.71461286	5.561603433	0
-24.69865759	5.605863698	0
-24.68263284	5.650089851	0
-24.66653871	5.694281787	0
-24.6503753	5.738439402	0
-24.63414271	5.782562589	0
-24.61784105	5.826651245	0
-24.60147042	5.870705265	0
-24.58503092	5.914724544	0
-24.56852266	5.958708979	0
-24.55194573	6.002658467	0
-24.53530024	6.046572904	0
-24.51858629	6.090452187	0
-24.50180398	6.134296213	0
-24.48495342	6.17810488	0
-24.46803471	6.221878087	0
-24.45104795	6.26561573	0
-24.43399325	6.309317709	0
-24.4168707	6.352983922	0
-24.39968042	6.396614269	0
-24.38242249	6.440208648	0
-24.36509704	6.483766959	0
-24.34770415	6.527289102	0
-24.33024393	6.570774977	0
-24.31271649	6.614224485	0
-24.29512192	6.657637526	0
-24.27746034	6.701014001	0
-24.25973184	6.744353811	0
-24.24193652	6.787656858	0
-24.2240745	6.830923044	0
-24.20614586	6.87415227	0
-24.18815073	6.917344439	0
-24.17008919	6.960499454	0
-24.15196135	7.003617217	0
-24.13376732	7.046697631	0
-24.11550719	7.0897406	0
-24.09718108	7.132746028	0
-24.07878908	7.175713818	0
-24.06033129	7.218643874	0
-24.04180783	7.261536102	0
-24.02321879	7.304390405	0
-24.00456427	7.347206689	0
-23.98584439	7.389984858	0
-23.96705923	7.432724819	0
-23.94820892	7.475426477	0
-23.92929354	7.518089737	0
-23.9103132	7.560714507	0
-23.89126801	7.603300693	0
-23.87215806	7.645848201	0
-23.85298347	7.688356939	0
-23.83374433	7.730826813	0
-23.81444075	7.773257731	0
-23.79507283	7.815649602	0
-23.77564067	7.858002333	0
-23.75614437	7.900315832	0
-23.73658405	7.942590007	0
-23.7169598	7.984824768	0
-23.69727172	8.027020024	0
-23.67751992	8.069175683	0
-23.65770451	8.111291656	0
-23.63782557	8.153367852	0
-23.61788323	8.19540418	0
-23.59787757	8.237400552	0
-23.57780871	8.279356877	0
-23.55767674	8.321273066	0
-23.53748178	8.363149031	0
-23.51722391	8.404984682	0
-23.49690325	8.446779931	0
-23.47651989	8.488534689	0
-23.45607395	8.530248868	0
-23.43556551	8.571922381	0
-23.4149947	8.613555139	0
-23.3943616	8.655147056	0
-23.37366632	8.696698044	0
-23.35290896	8.738208015	0
-23.33208964	8.779676884	0
-23.31120844	8.821104564	0
-23.29026547	8.862490968	0
-23.26926083	8.90383601	0
-23.24819463	8.945139605	0
-23.22706697	8.986401667	0
-23.20587795	9.02762211	0
-23.18462768	9.068800849	0
-23.16331625	9.1099378	0
-23.14194376	9.151032877	0
-23.12051033	9.192085996	0
-23.09901605	9.233097072	0
-23.07746103	9.274066023	0
-23.05584536	9.314992762	0
-23.03416915	9.355877208	0
-23.0124325	9.396719276	0
-22.99063552	9.437518884	0
-22.9687783	9.478275948	0
-22.94686095	9.518990385	0
-22.92488357	9.559662112	0
-22.90284626	9.600291048	0
-22.88074912	9.64087711	0
-22.85859226	9.681420216	0
-22.83637577	9.721920284	0
-22.81409976	9.762377233	0
-22.79176433	9.802790981	0
-22.76936959	9.843161447	0
-22.74691562	9.88348855	0
-22.72440254	9.923772209	0
-22.70183045	9.964012344	0
-22.67919944	10.00420887	0
-22.65650963	10.04436172	0
-22.6337611	10.0844708	0
-22.61095396	10.12453603	0
-22.58808832	10.16455734	0
-22.56516427	10.20453465	0
-22.54218192	10.24446787	0
-22.51914136	10.28435693	0
-22.4960427	10.32420175	0
-22.47288603	10.36400225	0
-22.44967147	10.40375835	0
-22.4263991	10.44346997	0
-22.40306904	10.48313704	0
-22.37968138	10.52275948	0
-22.35623621	10.5623372	0
-22.33273366	10.60187014	0
-22.3091738	10.64135821	0
-22.28555675	10.68080133	0
-22.2618826	10.72019944	0
-22.23815146	10.75955245	0
-22.21436342	10.79886029	0
-22.19051858	10.83812288	0
-22.16661705	10.87734014	0
-22.14265893	10.91651199	0
-22.11864431	10.95563837	0
-22.0945733	10.99471919	0
-22.07044599	11.03375439	0
-22.04626249	11.07274387	0
-22.02202289	11.11168758	0
-21.9977273	11.15058543	0
-21.97337582	11.18943735	0
-21.94896853	11.22824326	0
-21.92450555	11.26700309	0
-21.89998698	11.30571676	0
-21.87541291	11.34438421	0
-21.85078344	11.38300535	0
-21.82609867	11.42158011	0
-21.8013587	11.46010842	0
-21.77656364	11.4985902	0
-21.75171357	11.53702539	0
-21.7268086	11.5754139	0
-21.70184883	11.61375567	0
-21.67683435	11.65205061	0
-21.65176527	11.69029867	0
-21.62664168	11.72849975	0
-21.60146369	11.7666538	0
-21.57623139	11.80476074	0
-21.55094487	11.8428205	0
-21.52560425	11.880833	0
-21.50020961	11.91879818	0
-21.47476106	11.95671595	0
-21.44925869	11.99458626	0
-21.42370261	12.03240902	0
-21.3980929	12.07018417	0
-21.37242967	12.10791163	0
-21.34671302	12.14559134	0
-21.32094304	12.18322322	0
-21.29511984	12.2208072	0
-21.2692435	12.25834321	0
-21.24331413	12.29583118	0
-21.21733183	12.33327104	0
-21.19129669	12.37066271	0
-21.16520881	12.40800614	0
-21.13906829	12.44530124	0
-21.11287523	12.48254795	0
-21.08662972	12.5197462	0
-21.06033185	12.55689592	0
-21.03398174	12.59399704	0
-21.00757947	12.63104949	0
-20.98112514	12.66805319	0
-20.95461885	12.70500809	0
-20.9280607	12.74191411	0
-20.90145077	12.77877118	0
-20.87478918	12.81557923	0
-20.84807601	12.8523382	0
-20.82131137	12.88904802	0
-20.79449534	12.92570861	0
-20.76762803	12.96231991	0
-20.74070953	12.99888185	0
-20.71373994	13.03539436	0
-20.68671935	13.07185738	0
-20.65964786	13.10827084	0
-20.63252557	13.14463466	0
-20.60535258	13.18094879	0
-20.57812897	13.21721314	0
-20.55085484	13.25342766	0
-20.5235303	13.28959229	0
-20.49615543	13.32570694	0
-20.46873034	13.36177155	0
-20.44125511	13.39778606	0
-20.41372984	13.43375041	0
-20.38615464	13.46966451	0
-20.35852959	13.50552831	0
-20.33085478	13.54134174	0
-20.30313032	13.57710473	0
-20.2753563	13.61281722	0
-20.24753282	13.64847914	0
-20.21965996	13.68409042	0
-20.19173783	13.719651	0
-20.16376652	13.7551608	0
-20.13574613	13.79061978	0
-20.10767674	13.82602785	0
-20.07955846	13.86138496	0
-20.05139137	13.89669104	0
-20.02317558	13.93194601	0
-19.99491118	13.96714983	0
-19.96659826	14.00230241	0
-19.93823691	14.0374037	0
-19.90982724	14.07245364	0
-19.88136933	14.10745214	0
-19.85286327	14.14239916	0
-19.82430918	14.17729463	0
-19.79570712	14.21213847	0
-19.76705721	14.24693063	0
-19.73835954	14.28167104	0
-19.70961419	14.31635964	0
-19.68082126	14.35099636	0
-19.65198085	14.38558113	0
-19.62309305	14.4201139	0
-19.59415795	14.4545946	0
-19.56517565	14.48902317	0
-19.53614624	14.52339953	0
-19.50706981	14.55772363	0
-19.47794646	14.5919954	0
-19.44877627	14.62621478	0
-19.41955935	14.66038171	0
-19.39029578	14.69449611	0
-19.36098566	14.72855794	0
-19.33162909	14.76256711	0
-19.30222614	14.79652358	0
-19.27277693	14.83042727	0
-19.24328153	14.86427813	0
-19.21374005	14.89807608	0
-19.18415257	14.93182108	0
-19.15451918	14.96551304	0
-19.12483999	14.99915192	0
-19.09511508	15.03273764	0
-19.06534454	15.06627015	0
-19.03552847	15.09974938	0
-19.00566696	15.13317526	0
-18.9757601	15.16654775	0
-18.94580799	15.19986676	0
-18.9158107	15.23313225	0
-18.88576835	15.26634414	0
-18.85568101	15.29950238	0
-18.82554878	15.33260691	0
-18.79537176	15.36565765	0
-18.76515003	15.39865455	0
-18.73488369	15.43159755	0
-18.70457282	15.46448658	0
-18.67421752	15.49732158	0
-18.64381788	15.53010249	0
-18.613374	15.56282925	0
-18.58288596	15.59550179	0
-18.55235385	15.62812006	0
-18.52177776	15.66068399	0
-18.4911578	15.69319351	0
-18.46049404	15.72564858	0
-18.42978658	15.75804912	0
-18.39903551	15.79039508	0
-18.36824092	15.82268639	0
-18.3374029	15.85492299	0
-18.30652155	15.88710482	0
-18.27559694	15.91923182	0
-18.24462919	15.95130393	0
-18.21361836	15.98332108	0
-18.18256457	16.01528322	0
-18.15146788	16.04719028	0
-18.12032841	16.0790422	0
-18.08914623	16.11083892	0
-18.05792144	16.14258039	0
-18.02665413	16.17426653	0
-17.99534438	16.20589729	0
-17.9639923	16.23747261	0
-17.93259796	16.26899242	0
-17.90116146	16.30045667	0
-17.86968289	16.33186529	0
-17.83816234	16.36321822	0
-17.8065999	16.39451541	0
-17.77499565	16.42575679	0
-17.7433497	16.4569423	0
-17.71166212	16.48807188	0
-17.67993302	16.51914547	0
-17.64816247	16.55016301	0
-17.61635057	16.58112444	0
-17.58449741	16.6120297	0
-17.55260308	16.64287873	0
-17.52066766	16.67367146	0
-17.48869125	16.70440784	0
-17.45667394	16.73508781	0
-17.42461581	16.76571131	0
-17.39251696	16.79627827	0
-17.36037747	16.82678864	0
-17.32819744	16.85724236	0
-17.29597695	16.88763936	0
-17.2637161	16.91797959	0
-17.23141497	16.94826298	0
-17.19907365	16.97848948	0
-17.16669223	17.00865903	0
-17.1342708	17.03877156	0
-17.10180945	17.06882702	0
-17.06930826	17.09882534	0
-17.03676734	17.12876647	0
-17.00418676	17.15865035	0
-16.97156662	17.18847692	0
-16.938907	17.21824611	0
-16.90620799	17.24795787	0
-16.87346969	17.27761214	0
-16.84069218	17.30720885	0
-16.80787554	17.33674796	0
-16.77501988	17.36622939	0
-16.74212528	17.39565309	0
-16.70919182	17.42501901	0
-16.67621959	17.45432707	0
-16.64320869	17.48357722	0
-16.61015921	17.51276941	0
-16.57707122	17.54190356	0
-16.54394483	17.57097963	0
-16.51078011	17.59999756	0
-16.47757716	17.62895727	0
-16.44433606	17.65785872	0
-16.41105692	17.68670185	0
-16.3777398	17.71548659	0
-16.3443848	17.74421289	0
-16.31099202	17.77288069	0
-16.27756153	17.80148992	0
-16.24409343	17.83004054	0
-16.21058781	17.85853247	0
-16.17704474	17.88696567	0
-16.14346434	17.91534007	0
-16.10984667	17.94365561	0
-16.07619183	17.97191223	0
-16.0424999	18.00010988	0
-16.00877099	18.02824849	0
-15.97500517	18.05632802	0
-15.94120252	18.08434839	0
-15.90736315	18.11230955	0
-15.87348714	18.14021143	0
-15.83957458	18.16805399	0
-15.80562555	18.19583717	0
-15.77164015	18.22356089	0
-15.73761845	18.25122511	0
-15.70356056	18.27882977	0
-15.66946656	18.30637481	0
-15.63533653	18.33386016	0
-15.60117057	18.36128577	0
-15.56696876	18.38865159	0
-15.53273119	18.41595754	0
-15.49845796	18.44320358	0
-15.46414914	18.47038965	0
-15.42980482	18.49751568	0
-15.3954251	18.52458162	0
-15.36101007	18.55158741	0
-15.3265598	18.578533	0
-15.2920744	18.60541831	0
-15.25755394	18.6322433	0
-15.22299851	18.6590079	0
-15.18840821	18.68571206	0
-15.15378312	18.71235572	0
-15.11912334	18.73893882	0
-15.08442894	18.7654613	0
-15.04970001	18.7919231	0
-15.01493666	18.81832417	0
-14.98013895	18.84466445	0
-14.94530699	18.87094387	0
-14.91044085	18.89716239	0
-14.87554064	18.92331994	0
-14.84060643	18.94941646	0
-14.80563831	18.97545189	0
-14.77063638	19.00142619	0
-14.73560072	19.02733928	0
-14.70053142	19.05319111	0
-14.66542857	19.07898163	0
-14.63029225	19.10471077	0
-14.59512256	19.13037848	0
-14.55991958	19.15598469	0
-14.5246834	19.18152936	0
-14.48941412	19.20701242	0
-14.45411181	19.23243381	0
-14.41877657	19.25779348	0
-14.38340848	19.28309137	0
-14.34800764	19.30832741	0
-14.31257413	19.33350157	0
-14.27710804	19.35861376	0
-14.24160947	19.38366394	0
-14.20607849	19.40865205	0
-14.17051519	19.43357803	0
-14.13491968	19.45844183	0
-14.09929202	19.48324338	0
-14.06363232	19.50798263	0
-14.02794066	19.53265951	0
-13.99221714	19.55727398	0
-13.95646183	19.58182598	0
-13.92067483	19.60631544	0
-13.88485623	19.63074231	0
-13.84900611	19.65510653	0
-13.81312457	19.67940804	0
-13.77721169	19.70364679	0
-13.74126756	19.72782272	0
-13.70529228	19.75193577	0
-13.66928593	19.77598588	0
-13.63324859	19.799973	0
-13.59718037	19.82389707	0
-13.56108135	19.84775803	0
-13.52495161	19.87155582	0
-13.48879125	19.89529039	0
-13.45260035	19.91896168	0
-13.41637901	19.94256962	0
-13.38012732	19.96611418	0
-13.34384536	19.98959527	0
-13.30753322	20.01301286	0
-13.271191	20.03636688	0
-13.23481878	20.05965728	0
-13.19841665	20.08288399	0
-13.16198471	20.10604696	0
-13.12552303	20.12914614	0
-13.08903172	20.15218146	0
-13.05251086	20.17515287	0
-13.01596054	20.19806031	0
-12.97938085	20.22090373	0
-12.94277188	20.24368307	0
-12.90613372	20.26639826	0
-12.86946647	20.28904926	0
-12.8327702	20.31163601	0
-12.79604501	20.33415845	0
-12.759291	20.35661652	0
-12.72250825	20.37901016	0
-12.68569685	20.40133933	0
-12.64885689	20.42360396	0
-12.61198846	20.44580399	0
-12.57509166	20.46793937	0
-12.53816657	20.49001005	0
-12.50121329	20.51201596	0
-12.4642319	20.53395705	0
-12.4272225	20.55583326	0
-12.39018517	20.57764454	0
-12.35312001	20.59939083	0
-12.31602711	20.62107207	0
-12.27890655	20.64268821	0
-12.24175844	20.66423918	0
-12.20458286	20.68572494	0
-12.1673799	20.70714543	0
-12.13014966	20.72850059	0
-12.09289222	20.74979036	0
-12.05560767	20.77101469	0
-12.01829612	20.79217352	0
-11.98095764	20.8132668	0
-11.94359233	20.83429447	0
-11.90620029	20.85525647	0
-11.8687816	20.87615275	0
-11.83133636	20.89698325	0
-11.79386466	20.91774791	0
-11.75636658	20.93844669	0
-11.71884223	20.95907951	0
-11.68129169	20.97964634	0
-11.64371506	21.00014711	0
-11.60611243	21.02058176	0
-11.56848389	21.04095024	0
-11.53082953	21.06125249	0
-11.49314944	21.08148847	0
-11.45544373	21.10165811	0
-11.41771248	21.12176135	0
-11.37995578	21.14179815	0
-11.34217372	21.16176844	0
-11.30436641	21.18167217	0
-11.26653393	21.20150929	0
-11.22867638	21.22127974	0
-11.19079384	21.24098346	0
-11.15288642	21.2606204	0
-11.1149542	21.28019051	0
-11.07699728	21.29969372	0
-11.03901575	21.31912999	0
-11.00100971	21.33849926	0
-10.96297925	21.35780147	0
-10.92492446	21.37703657	0
-10.88684544	21.3962045	0
-10.84874228	21.41530521	0
-10.81061507	21.43433864	0
-10.77246392	21.45330475	0
-10.73428891	21.47220346	0
-10.69609013	21.49103474	0
-10.65786769	21.50979852	0
-10.61962168	21.52849475	0
-10.58135219	21.54712338	0
-10.54305931	21.56568435	0
-10.50474315	21.5841776	0
-10.46640379	21.60260309	0
-10.42804134	21.62096076	0
-10.38965588	21.63925054	0
-10.35124751	21.6574724	0
-10.31281633	21.67562628	0
-10.27436243	21.69371211	0
-10.23588591	21.71172985	0
-10.19738686	21.72967945	0
-10.15886538	21.74756084	0
-10.12032157	21.76537398	0
-10.08175551	21.78311881	0
-10.04316732	21.80079528	0
-10.00455708	21.81840334	0
-9.965924887	21.83594292	0
-9.927270841	21.85341398	0
-9.888595038	21.87081647	0
-9.849897573	21.88815032	0
-9.811178545	21.9054155	0
-9.772438049	21.92261193	0
-9.733676183	21.93973958	0
-9.694893044	21.95679838	0
-9.656088728	21.97378829	0
-9.617263334	21.99070925	0
-9.578416958	22.00756121	0
-9.539549697	22.02434411	0
-9.500661651	22.0410579	0
-9.461752916	22.05770254	0
-9.42282359	22.07427796	0
-9.383873771	22.09078412	0
-9.344903557	22.10722096	0
-9.305913047	22.12358843	0
-9.266902338	22.13988647	0
-9.22787153	22.15611504	0
-9.188820721	22.17227409	0
-9.149750008	22.18836355	0
-9.110659493	22.20438338	0
-9.071549272	22.22033353	0
-9.032419446	22.23621395	0
-8.993270113	22.25202458	0
-8.954101372	22.26776536	0
-8.914913324	22.28343626	0
-8.875706067	22.29903722	0
-8.836479702	22.31456818	0
-8.797234328	22.3300291	0
-8.757970045	22.34541992	0
-8.718686953	22.3607406	0
-8.679385152	22.37599107	0
-8.640064743	22.3911713	0
-8.600725826	22.40628123	0
-8.561368501	22.4213208	0
-8.521992869	22.43628998	0
-8.482599032	22.4511887	0
-8.44318709	22.46601691	0
-8.403757143	22.48077457	0
-8.364309294	22.49546163	0
-8.324843644	22.51007803	0
-8.285360294	22.52462373	0
-8.245859345	22.53909868	0
-8.2063409	22.55350281	0
-8.166805061	22.56783609	0
-8.127251928	22.58209847	0
-8.087681605	22.59628989	0
-8.048094194	22.61041031	0
-8.008489798	22.62445968	0
-7.968868518	22.63843794	0
-7.929230457	22.65234504	0
-7.889575719	22.66618095	0
-7.849904406	22.6799456	0
-7.810216621	22.69363896	0
-7.770512468	22.70726096	0
-7.73079205	22.72081157	0
-7.691055471	22.73429072	0
-7.651302834	22.74769839	0
-7.611534243	22.76103451	0
-7.571749801	22.77429903	0
-7.531949614	22.78749192	0
-7.492133785	22.80061312	0
-7.452302419	22.81366258	0
-7.41245562	22.82664025	0
-7.372593492	22.83954609	0
-7.332716142	22.85238005	0
-7.292820066	22.86514324	0
-7.252901776	22.87783678	0
-7.212961391	22.89046063	0
-7.172999035	22.90301475	0
-7.133014829	22.91549911	0
-7.093008894	22.92791366	0
-7.052981353	22.94025837	0
-7.012932327	22.9525332	0
-6.972861938	22.96473811	0
-6.932770309	22.97687306	0
-6.892657561	22.98893803	0
-6.852523818	23.00093297	0
-6.8123692	23.01285784	0
-6.77219383	23.02471261	0
-6.731997832	23.03649724	0
-6.691781326	23.0482117	0
-6.651544436	23.05985595	0
-6.611287285	23.07142996	0
-6.571009994	23.08293369	0
-6.530712687	23.0943671	0
-6.490395486	23.10573016	0
-6.450058514	23.11702284	0
-6.409701895	23.1282451	0
-6.36932575	23.13939691	0
-6.328930203	23.15047823	0
-6.288515377	23.16148904	0
-6.248081396	23.17242928	0
-6.207628381	23.18329894	0
-6.167156457	23.19409798	0
-6.126665747	23.20482637	0
-6.086156374	23.21548407	0
-6.045628461	23.22607105	0
-6.005082132	23.23658728	0
-5.964517511	23.24703273	0
-5.923934721	23.25740737	0
-5.883333886	23.26771115	0
-5.842715128	23.27794407	0
-5.802078573	23.28810607	0
-5.761424344	23.29819713	0
-5.720752565	23.30821722	0
-5.680063359	23.31816631	0
-5.639356851	23.32804437	0
-5.598633164	23.33785137	0
-5.557892423	23.34758728	0
-5.517134751	23.35725207	0
-5.476360273	23.3668457	0
-5.435569114	23.37636816	0
-5.394761397	23.38581941	0
-5.353937246	23.39519942	0
-5.313096786	23.40450817	0
-5.272240142	23.41374562	0
-5.231367437	23.42291175	0
-5.190478797	23.43200653	0
-5.149574346	23.44102993	0
-5.108654208	23.44998192	0
-5.067718509	23.45886249	0
-5.026767372	23.46767159	0
-4.985800923	23.4764092	0
-4.944819286	23.48507531	0
-4.903822587	23.49366987	0
-4.862810949	23.50219287	0
-4.821784499	23.51064428	0
-4.780743361	23.51902406	0
-4.739687659	23.52733221	0
-4.69861752	23.53556869	0
-4.657533068	23.54373347	0
-4.616434428	23.55182654	0
-4.575321726	23.55984786	0
-4.534195087	23.56779741	0
-4.493054636	23.57567518	0
-4.451900498	23.58348112	0
-4.410732798	23.59121523	0
-4.369551663	23.59887748	0
-4.328357218	23.60646784	0
-4.287149587	23.61398629	0
-4.245928898	23.62143281	0
-4.204695274	23.62880737	0
-4.163448842	23.63610995	0
-4.122189728	23.64334054	0
-4.080918056	23.6504991	0
-4.039633954	23.65758562	0
-3.998337546	23.66460008	0
-3.957028958	23.67154245	0
-3.915708317	23.67841271	0
-3.874375748	23.68521084	0
-3.833031376	23.69193682	0
-3.791675329	23.69859064	0
-3.750307731	23.70517226	0
-3.70892871	23.71168167	0
-3.66753839	23.71811886	0
-3.626136898	23.72448379	0
-3.584724361	23.73077646	0
-3.543300904	23.73699683	0
-3.501866653	23.7431449	0
-3.460421735	23.74922065	0
-3.418966276	23.75522405	0
-3.377500402	23.76115509	0
-3.33602424	23.76701374	0
-3.294537916	23.7728	0
-3.253041556	23.77851384	0
-3.211535287	23.78415525	0
-3.170019234	23.78972421	0
-3.128493526	23.7952207	0
-3.086958287	23.80064471	0
-3.045413645	23.80599621	0
-3.003859726	23.8112752	0
-2.962296657	23.81648166	0
-2.920724564	23.82161556	0
-2.879143574	23.8266769	0
-2.837553814	23.83166566	0
-2.79595541	23.83658183	0
-2.754348489	23.84142539	0
-2.712733178	23.84619632	0
-2.671109603	23.85089461	0
-2.629477892	23.85552024	0
-2.587838171	23.86007321	0
-2.546190567	23.8645535	0
-2.504535207	23.86896109	0
-2.462872217	23.87329597	0
-2.421201725	23.87755813	0
-2.379523858	23.88174755	0
-2.337838743	23.88586423	0
-2.296146505	23.88990815	0
-2.254447274	23.89387929	0
-2.212741175	23.89777765	0
-2.171028335	23.90160321	0
-2.129308883	23.90535596	0
-2.087582944	23.9090359	0
-2.045850646	23.912643	0
-2.004112115	23.91617726	0
-1.96236748	23.91963867	0
-1.920616868	23.92302721	0
-1.878860404	23.92634288	0
-1.837098218	23.92958567	0
-1.795330435	23.93275556	0
-1.753557184	23.93585255	0
-1.71177859	23.93887662	0
-1.669994783	23.94182778	0
-1.628205888	23.944706	0
-1.586412034	23.94751129	0
-1.544613347	23.95024362	0
-1.502809954	23.952903	0
-1.461001984	23.95548942	0
-1.419189564	23.95800286	0
-1.37737282	23.96044332	0
-1.335551881	23.96281079	0
-1.293726874	23.96510527	0
-1.251897925	23.96732675	0
-1.210065163	23.96947522	0
-1.168228715	23.97155067	0
-1.126388708	23.9735531	0
-1.084545271	23.97548251	0
-1.042698529	23.97733888	0
-1.000848611	23.97912221	0
-0.958995645	23.9808325	0
-0.917139757	23.98246974	0
-0.875281075	23.98403392	0
-0.833419727	23.98552504	0
-0.791555841	23.9869431	0
-0.749689543	23.98828809	0
-0.707820961	23.98956001	0
-0.665950224	23.99075885	0
-0.624077458	23.99188461	0
-0.58220279	23.99293729	0
-0.540326349	23.99391688	0
-0.498448263	23.99482339	0
-0.456568658	23.9956568	0
-0.414687662	23.99641711	0
-0.372805403	23.99710433	0
-0.330922008	23.99771845	0
-0.289037605	23.99825946	0
-0.247152322	23.99872738	0
-0.205266286	23.99912219	0
-0.163379625	23.99944389	0
-0.121492466	23.99969249	0
-0.079604937	23.99986798	0
-0.037717165	23.99997036	0
0.004170722	23.99999964	0
0.046058595	23.9999558	0
0.087946329	23.99983886	0
0.129833794	23.99964881	0
0.171720865	23.99938566	0
0.213607412	23.9990494	0
0.255493308	23.99864003	0
0.297378426	23.99815756	0
0.339262638	23.99760198	0
0.381145817	23.99697331	0
0.423027834	23.99627153	0
0.464908564	23.99549666	0
0.506787876	23.9946487	0
0.548665646	23.99372764	0
0.590541743	23.99273349	0
0.632416042	23.99166626	0
0.674288415	23.99052595	0
0.716158733	23.98931255	0
0.75802687	23.98802608	0
0.799892698	23.98666654	0
0.841756089	23.98523393	0
0.883616916	23.98372826	0
0.925475052	23.98214953	0
0.967330368	23.98049774	0
1.009182737	23.97877291	0
1.051032033	23.97697503	0
1.092878127	23.97510412	0
1.134720891	23.97316017	0
1.1765602	23.9711432	0
1.218395924	23.9690532	0
1.260227937	23.96689019	0
1.30205611	23.96465418	0
1.343880318	23.96234516	0
1.385700432	23.95996315	0
1.427516325	23.95750816	0
1.469327869	23.95498018	0
1.511134938	23.95237924	0
1.552937403	23.94970533	0
1.594735138	23.94695847	0
1.636528015	23.94413866	0
1.678315906	23.94124591	0
1.720098686	23.93828023	0
1.761876225	23.93524164	0
1.803648398	23.93213013	0
1.845415077	23.92894572	0
1.887176134	23.92568842	0
1.928931442	23.92235823	0
1.970680874	23.91895518	0
2.012424304	23.91547926	0
2.054161603	23.9119305	0
2.095892645	23.90830889	0
2.137617303	23.90461446	0
2.179335448	23.9008472	0
2.221046956	23.89700714	0
2.262751697	23.89309429	0
2.304449546	23.88910865	0
2.346140375	23.88505025	0
2.387824058	23.88091908	0
2.429500466	23.87671517	0
2.471169474	23.87243853	0
2.512830954	23.86808917	0
2.55448478	23.8636671	0
2.596130825	23.85917234	0
2.637768961	23.8546049	0
2.679399062	23.84996479	0
2.721021001	23.84525204	0
2.762634651	23.84046664	0
2.804239886	23.83560863	0
2.845836579	23.830678	0
2.887424603	23.82567479	0
2.929003831	23.820599	0
2.970574137	23.81545064	0
3.012135394	23.81022974	0
3.053687476	23.80493631	0
3.095230255	23.79957037	0
3.136763606	23.79413193	0
3.178287402	23.788621	0
3.219801516	23.78303761	0
3.261305823	23.77738178	0
3.302800194	23.77165352	0
3.344284505	23.76585284	0
3.385758628	23.75997977	0
3.427222438	23.75403432	0
3.468675808	23.74801651	0
3.510118612	23.74192636	0
3.551550723	23.73576389	0
3.592972016	23.72952912	0
3.634382364	23.72322206	0
3.675781641	23.71684274	0
3.717169721	23.71039117	0
3.758546477	23.70386737	0
3.799911785	23.69727137	0
3.841265517	23.69060318	0
3.882607548	23.68386283	0
3.923937752	23.67705033	0
3.965256003	23.67016571	0
4.006562176	23.66320899	0
4.047856143	23.65618018	0
4.08913778	23.64907931	0
4.130406961	23.6419064	0
4.17166356	23.63466148	0
4.212907451	23.62734456	0
4.254138509	23.61995566	0
4.295356609	23.61249482	0
4.336561623	23.60496205	0
4.377753428	23.59735737	0
4.418931898	23.58968081	0
4.460096906	23.5819324	0
4.501248329	23.57411215	0
4.54238604	23.56622008	0
4.583509914	23.55825624	0
4.624619825	23.55022062	0
4.66571565	23.54211328	0
4.706797261	23.53393421	0
4.747864536	23.52568346	0
4.788917347	23.51736105	0
4.82995557	23.508967	0
4.870979081	23.50050133	0
4.911987753	23.49196408	0
4.952981463	23.48335527	0
4.993960086	23.47467492	0
5.034923495	23.46592307	0
5.075871568	23.45709973	0
5.116804178	23.44820494	0
5.157721202	23.43923872	0
5.198622515	23.43020111	0
5.239507992	23.42109212	0
5.280377508	23.41191178	0
5.321230939	23.40266013	0
5.362068161	23.39333719	0
5.402889049	23.38394299	0
5.443693479	23.37447756	0
5.484481326	23.36494093	0
5.525252467	23.35533312	0
5.566006777	23.34565417	0
5.606744132	23.3359041	0
5.647464408	23.32608295	0
5.688167481	23.31619074	0
5.728853226	23.30622751	0
5.769521521	23.29619328	0
5.81017224	23.28608809	0
5.850805261	23.27591196	0
5.891420459	23.26566494	0
5.932017711	23.25534704	0
5.972596892	23.2449583	0
6.013157881	23.23449875	0
6.053700552	23.22396843	0
6.094224783	23.21336736	0
6.134730449	23.20269558	0
6.175217428	23.19195312	0
6.215685596	23.18114002	0
6.256134831	23.1702563	0
6.296565007	23.159302	0
6.336976004	23.14827715	0
6.377367697	23.13718179	0
6.417739963	23.12601595	0
6.45809268	23.11477966	0
6.498425725	23.10347297	0
6.538738974	23.09209589	0
6.579032305	23.08064847	0
6.619305595	23.06913075	0
6.659558721	23.05754275	0
6.699791561	23.04588451	0
6.740003993	23.03415608	0
6.780195893	23.02235747	0
6.82036714	23.01048874	0
6.860517611	22.99854991	0
6.900647183	22.98654103	0
6.940755735	22.97446212	0
6.980843144	22.96231323	0
7.020909288	22.9500944	0
7.060954046	22.93780565	0
7.100977294	22.92544703	0
7.140978912	22.91301857	0
7.180958776	22.90052032	0
7.220916767	22.88795231	0
7.260852761	22.87531458	0
7.300766638	22.86260717	0
7.340658275	22.84983011	0
7.380527551	22.83698345	0
7.420374345	22.82406722	0
7.460198535	22.81108147	0
7.5	22.79802623	0
