Shatnard1
12
11
0
0
0
0
0
0
0
0
0
0
0
0
0
0
0
0
0
0
0
0
0
0
0
0
0
0
0
0
4
1
3
1
4
0
0
0
0
0
0
0
1
2
1
0
0
0
0
0
0
0
0
0
0
0
0
0
0
0
0
0
0
0
0
0
7
9
7
7
8
0
0
0
0
0
0
0
0
0
0
0
0
0
0
0
0
0
0
0
3
0
0
0
0
0
5
0
0
0
0
0
10
7
9
7
10
0
0
0
0
0
0
0
7
8
7
0
0
0
6
0
0
0
0
0
0
0
0
0
0
0
0
0
0
0
0
0
1
3
1
1
2
0
0
0
0
0
0
0
0
0
0
0
0
0
0
0
0
0
0
0
0
0
0
0
0
0
0
0
0
0
0
0
0
0
0
0
0
0
0
0
0
0
-300
-300
0
0
0
0
1
0
1
Shatnard2
0
0
0
0
0
0
0
0
0
0
0
0
0
0
0
0
0
0
0
0
0
0
0
0
0
0
0
0
0
0
4
1
3
1
4
0
0
0
0
0
0
0
1
2
1
0
0
0
12
11
0
0
0
0
0
0
0
0
0
0
0
0
0
0
0
0
7
9
7
7
8
0
0
0
0
0
0
0
0
0
0
0
0
0
0
0
0
0
0
0
3
0
0
0
0
0
5
0
0
0
0
0
10
7
9
7
10
0
0
0
0
0
0
0
7
8
7
0
0
0
6
0
0
0
0
0
0
0
0
0
0
0
0
0
0
0
0
0
1
3
1
1
2
0
0
0
0
0
0
0
0
0
0
0
0
0
0
0
0
0
0
0
0
0
0
0
0
0
0
0
0
0
0
0
0
0
0
0
0
0
0
0
0
0
-300
-300
0
0
0
0
1
0
0
Shatnard3
12
11
0
0
0
0
0
0
0
0
0
0
0
0
0
0
0
0
0
0
0
0
0
0
0
0
0
0
0
0
4
1
3
1
4
0
0
0
0
0
0
0
1
2
1
2
0
0
0
0
0
0
0
0
0
0
0
0
0
0
0
0
0
0
0
0
7
9
7
7
8
0
6
0
0
0
0
0
5
0
0
0
0
0
0
0
0
0
0
0
0
0
0
0
0
0
0
0
0
0
0
0
10
7
9
7
10
0
0
0
0
0
0
0
7
8
7
0
0
0
0
0
0
0
0
0
0
0
0
0
0
0
0
0
0
0
0
0
1
3
1
1
0
0
0
0
0
0
0
0
0
0
0
0
0
0
0
0
0
0
0
0
0
0
0
0
0
0
0
0
0
0
0
0
0
0
0
0
0
0
0
0
0
0
1
8
0
0
0
0
0
0
1
